pobx,poby,px,py,ang,angr,num 
deteccion 1.770945,-0.223347,-7.187820,178.497375
deteccion 1.765073,-0.219905,-7.101482,177.871902
lost 
lost and nearlost 
lost 
lost 
lost 
lost 
deteccion 1.755343,-0.214870,-6.978561,176.844528
lost 
lost 
lost 
lost 
deteccion 1.773628,-0.153851,-4.957422,178.028839
deteccion camara 1.773628,-0.153851,-0.192713,178.028839
a1.961436,-0.006067,0.000000,-0.000000,-0.177209,0.000000,1
near 0.000000,-0.000000,0.000000,0.000000,-1
near 0.001176,-0.000000,0.000000,0.067355,-1
near 0.216258,-0.005002,0.000000,-2.428055,-1
near 0.428973,-0.017146,0.000000,-1.979618,-1
near 0.468382,-0.018508,0.000000,-1.148648,-1
near 0.666681,-0.015224,0.000000,2.433822,-1
near 0.787873,-0.011171,0.000000,1.288668,-1
near 0.787873,-0.011171,0.000000,1.243747,-1
near 0.981049,-0.006977,0.000000,6.410076,-1
near 1.004325,-0.004362,0.000000,6.860424,-1
near 1.084090,0.005235,0.000000,8.952762,-1
near 1.084090,0.005235,0.000000,8.952762,-1
a2.680691,0.562521,1.262297,0.033309,7.911144,12.549669,2
near 1.262297,0.033309,0.000000,12.549669,-1
near 1.390604,0.062588,0.000000,15.031653,-1
near 1.390604,0.062588,0.000000,15.031653,-1
near 1.390604,0.062588,0.000000,15.031653,-1
near 1.676232,0.145279,0.000000,22.660833,-1
near 1.726739,0.166558,0.000000,23.380606,-1
a3.394258,0.839931,1.908734,0.246488,-3.544702,25.320576,3
near 1.908734,0.246488,0.000000,25.320576,-1
near 2.022090,0.299225,0.000000,22.677496,-1
near 2.090811,0.327498,0.000000,21.452887,-1
near 2.155936,0.352488,0.000000,20.074371,-1
near 2.197480,0.366544,0.000000,17.361080,-1
near 2.276348,0.391201,0.000000,17.361080,-1
a3.953542,0.310439,2.301592,0.397807,-17.691652,14.664231,4
near 2.358432,0.411520,0.000000,11.723537,-1
near 2.385596,0.417157,0.000000,10.690792,-1
near 2.526359,0.443731,0.000000,5.951189,-1
near 2.580457,0.448860,0.000000,3.687677,-1
near 2.735414,0.457117,0.000000,-0.392039,-1
near 2.825461,0.455013,0.000000,-3.019710,-1
a4.523672,-0.180007,2.946234,0.446153,-15.468016,-6.182399,5
near 3.008638,0.438938,0.000000,-7.913090,-1
near 3.069640,0.429995,0.000000,-9.531147,-1
near 3.161645,0.413427,0.000000,-10.900531,-1
near 3.258887,0.394567,0.000000,-11.340708,-1
near 3.430006,0.358983,0.000000,-12.063753,-1
a5.210145,0.243989,3.430006,0.358983,8.367713,-12.063753,6
near 3.682897,0.306360,0.000000,-9.006109,-1
a5.699099,0.863434,4.067741,0.266855,19.814568,0.272614,7
near 4.604864,0.329081,0.000000,14.797786,-1
a6.367857,1.206025,4.641189,0.338677,11.259243,15.412184,8
near 4.641189,0.338677,0.000000,15.412184,-1
near 4.825103,0.391851,0.000000,19.091856,-1
near 4.861167,0.404334,0.000000,19.204103,-1
near 5.010411,0.456318,0.000000,19.753994,-1
a7.150148,1.247175,5.190794,0.521563,-0.201960,20.523117,9
near 5.190794,0.521563,0.000000,20.523117,-1
near 5.303714,0.563529,0.000000,20.321028,-1
near 5.373774,0.589171,0.000000,19.894480,-1
near 5.373774,0.589171,0.000000,19.894480,-1
near 5.611749,0.675292,0.000000,16.144394,-1
a7.835341,0.856100,5.652895,0.687202,-11.377645,15.802892,10
near 5.652895,0.687202,0.000000,15.802892,-1
near 6.008277,0.775850,0.000000,9.082482,-1
near 6.124611,0.792417,0.000000,6.045860,-1
a8.477939,0.445943,6.164757,0.796669,-13.746652,5.125113,11
near 6.362746,0.807881,0.000000,1.195971,-1
Entre far num sp follow 11 e index 8  
next wp 7.835341,0.856100,6.481390,0.810013,0.000000,0.097162,9
Rcalc 6.481390,0.810013,0.000000 
Rcalc 6.615006,0.813481,1.486835 
Rcalc 6.745067,0.814668,0.522856 
Rcalc 6.871570,0.813573,-0.495634 
Rcalc 6.994516,0.810198,-1.572682 
Rcalc 7.113906,0.804541,-2.712677 
Rcalc 7.229738,0.796603,-3.920331 
Rcalc 7.342015,0.786384,-5.200598 
Rcalc 7.450734,0.773883,-6.559034 
Rcalc 7.555897,0.759102,-8.001056 
Rcalc 7.657503,0.742039,-9.532793 
Rcalc 7.755552,0.722695,-11.160514 
Rcalc 7.850044,0.701069,-12.890632 
Rcalc 7.940980,0.677163,-14.729467 
Rcalc 8.028358,0.650975,-16.683699 
Rcalc 8.112181,0.622506,-18.759314 
Rcalc 8.192445,0.591756,-20.962399 
Rcalc 8.269155,0.558724,-23.296850 
Rcalc 8.342306,0.523412,-25.768055 
Rcalc 8.411900,0.485818,-28.377535 
wp 7.835341,0.856100,6.481390,0.810013,0.000000,0.097162,9
wp 7.835341,0.856100,6.629401,0.810264,0.000000,-1.446378,9
a9.246365,0.455575,6.629401,0.810264,-6.272128,-1.446378,12
wp 7.835341,0.856100,6.663865,0.809393,0.000000,-2.029976,9
wp 7.835341,0.856100,6.731929,0.806981,0.000000,-0.647296,9
wp 7.835341,0.856100,6.731929,0.806981,0.000000,-0.647296,9
a9.954651,0.805079,6.845835,0.805694,2.399951,-2.411279,13
wp 7.835341,0.856100,6.845835,0.805694,0.000000,-2.411279,9
wp 7.835341,0.856100,6.899977,0.803414,0.000000,-2.411279,9
wp 7.835341,0.856100,6.899977,0.803414,0.000000,-2.411279,9
wp 7.835341,0.856100,7.014416,0.798595,0.000000,-2.756681,9
a10.344353,1.467881,7.083432,0.795272,14.507797,-2.853240,14
wp 7.835341,0.856100,7.100179,0.794437,0.000000,-3.032819,9
wp 7.835341,0.856100,7.160243,0.791082,0.000000,-3.460023,9
wp 7.835341,0.856100,7.191535,0.789099,0.000000,-4.088780,9
wp 7.835341,0.856100,7.257818,0.784361,0.000000,-5.870560,9
wp 7.835341,0.856100,7.323565,0.777601,0.000000,-6.517102,9
wp 7.835341,0.856100,7.338621,0.775881,0.000000,-6.449620,9
wp 7.835341,0.856100,7.338621,0.775881,0.000000,-6.449620,9
wp 7.835341,0.856100,7.469062,0.760819,0.000000,-7.287953,9
a10.969928,1.886071,7.501393,0.756621,25.818510,-7.781879,15
wp 7.835341,0.856100,7.501393,0.756621,0.000000,-7.781879,9
wp 7.835341,0.856100,7.593143,0.743837,0.000000,-8.315814,9
wp 7.835341,0.856100,7.640871,0.736566,0.000000,-9.638538,9
wp 7.835341,0.856100,7.640871,0.736566,0.000000,-9.638538,9
wp 7.835341,0.856100,7.775393,0.712778,0.000000,-13.523615,9
wp 7.835341,0.856100,7.807802,0.704983,0.000000,-13.763548,9
wp 7.835341,0.856100,7.888918,0.685114,0.000000,-13.521883,9
a11.632418,1.520073,7.905036,0.681238,26.409302,-13.726392,16
wp 7.835341,0.856100,7.920795,0.677388,0.000000,-14.115582,9
wp 7.835341,0.856100,7.920795,0.677388,0.000000,-14.115582,9
next wp 8.477939,0.445943,8.063857,0.641412,0.000000,-14.115582,10
Rcalc 8.063857,0.641412,0.000000 
Rcalc 8.106152,0.622378,-24.229582 
Rcalc 8.150217,0.604370,-22.228769 
Rcalc 8.196054,0.587386,-20.330250 
Rcalc 8.243664,0.571429,-18.530033 
Rcalc 8.293044,0.556496,-16.824865 
Rcalc 8.344197,0.542590,-15.208920 
Rcalc 8.397121,0.529709,-13.679223 
Rcalc 8.451818,0.517853,-12.229940 
Rcalc 8.508286,0.507023,-10.857055 
Rcalc 8.566525,0.497218,-9.556186 
Rcalc 8.626536,0.488439,-8.322774 
Rcalc 8.688320,0.480685,-7.152918 
Rcalc 8.751873,0.473957,-6.043149 
Rcalc 8.817200,0.468255,-4.988934 
Rcalc 8.884298,0.463577,-3.987375 
Rcalc 8.953169,0.459926,-3.034984 
Rcalc 9.023809,0.457300,-2.128960 
Rcalc 9.096224,0.455699,-1.266214 
Rcalc 9.170406,0.455124,-0.444172 
wp 8.477939,0.445943,8.063857,0.641412,0.000000,-17.579517,10
wp 8.477939,0.445943,8.124573,0.621677,0.000000,-18.275364,10
wp 8.477939,0.445943,8.169288,0.606621,0.000000,-18.911957,10
wp 8.477939,0.445943,8.169288,0.606621,0.000000,-18.911957,10
wp 8.477939,0.445943,8.272875,0.571131,0.000000,-18.911957,10
wp 8.477939,0.445943,8.333623,0.550318,0.000000,-17.496864,10
wp 8.477939,0.445943,8.394458,0.532218,0.000000,-14.937601,10
wp 8.477939,0.445943,8.443796,0.519055,0.000000,-13.081172,10
wp 8.477939,0.445943,8.443796,0.519055,0.000000,-13.081172,10
wp 8.477939,0.445943,8.571538,0.489373,0.000000,-10.312834,10
wp 8.477939,0.445943,8.638763,0.477694,0.000000,-8.569703,10
wp 8.477939,0.445943,8.690079,0.470389,0.000000,-7.156529,10
wp 8.477939,0.445943,8.745985,0.463370,0.000000,-6.504332,10
next wp 9.246365,0.455575,8.782698,0.459184,0.000000,-6.504332,11
Rcalc 8.782698,0.459184,0.000000 
Rcalc 8.829676,0.459706,0.636459 
Rcalc 8.877877,0.461993,2.716906 
Rcalc 8.927301,0.466046,4.688002 
Rcalc 8.977949,0.471865,6.553545 
Rcalc 9.029819,0.479449,8.318398 
Rcalc 9.082913,0.488799,9.987224 
Rcalc 9.137230,0.499914,11.565252 
Rcalc 9.192770,0.512795,13.057147 
Rcalc 9.249535,0.527441,14.467934 
Rcalc 9.307519,0.543853,15.803607 
Rcalc 9.366729,0.562031,17.066582 
Rcalc 9.427162,0.581974,18.262932 
Rcalc 9.488817,0.603683,19.397110 
Rcalc 9.551695,0.627157,20.472145 
Rcalc 9.615796,0.652397,21.491968 
Rcalc 9.681122,0.679402,22.459980 
Rcalc 9.747669,0.708173,23.380575 
Rcalc 9.815440,0.738710,24.255566 
Rcalc 9.884433,0.771012,25.088717 
wp 9.246365,0.455575,8.782698,0.459184,0.000000,-5.562178,11
wp 9.246365,0.455575,8.851502,0.452484,0.000000,-2.678062,11
wp 9.246365,0.455575,8.915154,0.451007,0.000000,1.526805,11
wp 9.246365,0.455575,8.947046,0.452135,0.000000,3.445179,11
wp 9.246365,0.455575,9.016062,0.456825,0.000000,5.706569,11
wp 9.246365,0.455575,9.047045,0.459921,0.000000,6.718149,11
wp 9.246365,0.455575,9.108800,0.467195,0.000000,8.370972,11
wp 9.246365,0.455575,9.156185,0.474600,0.000000,9.833427,11
wp 9.246365,0.455575,9.207369,0.483471,0.000000,11.613553,11
wp 9.246365,0.455575,9.253498,0.493349,0.000000,13.005466,11
wp 9.246365,0.455575,9.253498,0.493349,0.000000,13.005466,11
a12.345878,1.850670,9.330223,0.511070,10.945990,13.005466,17
wp 9.246365,0.455575,9.365945,0.520540,0.000000,14.847000,11
wp 9.246365,0.455575,9.409016,0.533068,0.000000,17.450777,11
wp 9.246365,0.455575,9.453907,0.547180,0.000000,18.349499,11
wp 9.246365,0.455575,9.500724,0.562848,0.000000,18.711836,11
wp 9.246365,0.455575,9.547379,0.578783,0.000000,19.144749,11
next wp 9.954651,0.805079,9.547379,0.578783,0.000000,19.144749,12
Rcalc 9.547379,0.578783,0.000000 
Rcalc 9.588062,0.602504,30.245113 
Rcalc 9.628658,0.628407,32.541019 
Rcalc 9.669165,0.656493,34.736244 
Rcalc 9.709585,0.686762,36.827286 
Rcalc 9.749918,0.719213,38.819435 
Rcalc 9.790161,0.753846,40.715454 
Rcalc 9.830317,0.790662,42.515724 
Rcalc 9.870386,0.829661,44.223877 
Rcalc 9.910366,0.870842,45.847786 
Rcalc 9.950258,0.914206,47.387547 
Rcalc 9.990064,0.959752,48.847816 
Rcalc 10.029781,1.007481,50.234226 
Rcalc 10.069409,1.057392,51.551369 
Rcalc 10.108950,1.109485,52.800461 
Rcalc 10.148403,1.163762,53.986511 
Rcalc 10.187769,1.220221,55.113777 
Rcalc 10.227048,1.278862,56.184998 
Rcalc 10.266237,1.339686,57.205906 
Rcalc 10.305338,1.402692,58.176819 
wp 9.954651,0.805079,9.592614,0.594803,0.000000,21.484303,12
wp 9.954651,0.805079,9.592614,0.594803,0.000000,21.484303,12
wp 9.954651,0.805079,9.654548,0.619179,0.000000,28.646229,12
wp 9.954651,0.805079,9.654548,0.619179,0.000000,28.646229,12
wp 9.954651,0.805079,9.788357,0.694959,0.000000,33.912132,12
wp 9.954651,0.805079,9.788357,0.694959,0.000000,33.912132,12
wp 9.954651,0.805079,9.845377,0.733293,0.000000,37.385681,12
wp 9.954651,0.805079,9.911212,0.784806,0.000000,41.289474,12
wp 9.954651,0.805079,9.945691,0.815726,0.000000,43.584557,12
wp 9.954651,0.805079,9.981792,0.850433,0.000000,44.908562,12
wp 9.954651,0.805079,10.017034,0.885953,0.000000,46.136009,12
wp 9.954651,0.805079,10.058519,0.929118,0.000000,48.428951,12
wp 9.954651,0.805079,10.090685,0.965918,0.000000,50.117668,12
wp 9.954651,0.805079,10.130640,1.013734,0.000000,50.117668,12
next wp 10.344353,1.467881,10.150204,1.038163,0.000000,51.558945,13
Rcalc 10.150204,1.038163,0.000000 
Rcalc 10.170697,1.081106,64.488174 
Rcalc 10.193348,1.123991,62.158264 
Rcalc 10.218155,1.166819,59.919209 
Rcalc 10.245121,1.209589,57.768826 
Rcalc 10.274242,1.252301,55.713657 
Rcalc 10.305522,1.294956,53.746628 
Rcalc 10.338957,1.337554,51.871223 
Rcalc 10.374552,1.380093,50.078953 
Rcalc 10.412302,1.422575,48.374969 
Rcalc 10.452209,1.464999,46.750702 
Rcalc 10.494274,1.507366,45.204887 
Rcalc 10.538496,1.549675,43.733536 
Rcalc 10.584875,1.591926,42.333500 
Rcalc 10.633411,1.634120,41.000881 
Rcalc 10.684105,1.676256,39.732937 
Rcalc 10.736956,1.718334,38.525959 
Rcalc 10.791962,1.760355,37.377155 
Rcalc 10.849128,1.802318,36.280735 
Rcalc 10.908449,1.844223,35.237717 
wp 10.344353,1.467881,10.150204,1.038163,0.000000,51.558945,13
wp 10.344353,1.467881,10.150204,1.038163,0.000000,51.558945,13
wp 10.344353,1.467881,10.150204,1.038163,0.000000,51.558945,13
wp 10.344353,1.467881,10.272227,1.215127,0.000000,69.775734,13
wp 10.344353,1.467881,10.272227,1.215127,0.000000,69.775734,13
wp 10.344353,1.467881,10.319197,1.318962,0.000000,50.527008,13
Entre near 
Entre far num sp follow 17 e index 14  
next wp 11.632418,1.520073,10.319197,1.318962,0.000000,50.527008,15
Rcalc 10.319197,1.318962,0.000000 
Rcalc 10.449019,1.339397,8.945223 
Rcalc 10.575844,1.360479,9.438072 
Rcalc 10.699669,1.382209,9.953301 
Rcalc 10.820496,1.404586,10.492284 
Rcalc 10.938322,1.427611,11.056744 
Rcalc 11.053150,1.451283,11.648456 
Rcalc 11.164980,1.475602,12.268832 
Rcalc 11.273811,1.500569,12.920595 
Rcalc 11.379644,1.526183,13.605364 
Rcalc 11.482477,1.552445,14.326027 
Rcalc 11.582312,1.579354,15.084830 
Rcalc 11.679148,1.606910,15.884733 
Rcalc 11.772985,1.635114,16.728691 
Rcalc 11.863823,1.663965,17.620272 
Rcalc 11.951662,1.693464,18.563437 
Rcalc 12.036504,1.723611,19.561407 
Rcalc 12.118345,1.754404,20.619259 
Rcalc 12.197188,1.785845,21.741171 
Rcalc 12.273032,1.817934,22.932301 
Rcalc 10.319197,1.318962,0.000000 
Rcalc 10.485934,1.366177,15.810391 
Rcalc 10.580808,1.401480,20.410437 
Rcalc 10.603819,1.424871,45.468994 
Rcalc 10.554967,1.436350,166.776245 
Rcalc 10.434252,1.435918,-179.794189 
Rcalc 10.241674,1.423573,-176.331802 
Rcalc 9.977235,1.399316,-174.758621 
Rcalc 9.640932,1.363148,-173.861176 
Rcalc 9.232767,1.315068,-173.281342 
Rcalc 8.752738,1.255075,-172.875900 
Rcalc 8.200847,1.183171,-172.576538 
Rcalc 7.577093,1.099356,-172.346436 
Rcalc 6.881476,1.003628,-172.164001 
Rcalc 6.113996,0.895988,-172.015900 
Rcalc 5.274653,0.776436,-171.893188 
Rcalc 4.363449,0.644973,-171.789948 
Rcalc 3.380381,0.501597,-171.701813 
Rcalc 2.325449,0.346310,-171.625732 
Rcalc 1.198657,0.179111,-171.559341 
wp 12.345878,1.850670,10.319197,1.318962,0.000000,50.527008,16
Rcalc 10.380102,1.392642,0.000000 
Rcalc 9.368042,1.256859,-172.358185 
Rcalc 8.407883,1.128040,-172.358170 
Rcalc 7.499624,1.006184,-172.358170 
Rcalc 6.643266,0.891291,-172.358170 
Rcalc 5.838807,0.783361,-172.358185 
Rcalc 5.086250,0.682394,-172.358170 
Rcalc 4.385593,0.588391,-172.358170 
Rcalc 3.736837,0.501351,-172.358185 
Rcalc 3.139981,0.421274,-172.358170 
Rcalc 2.595025,0.348160,-172.358170 
Rcalc 2.101970,0.282010,-172.358170 
Rcalc 1.660816,0.222823,-172.358170 
Rcalc 1.271563,0.170599,-172.358170 
Rcalc 0.934209,0.125338,-172.358170 
Rcalc 0.648756,0.087040,-172.358170 
Rcalc 0.415204,0.055706,-172.358170 
Rcalc 0.233552,0.031334,-172.358170 
Rcalc 0.103801,0.013926,-172.358170 
Rcalc 0.025950,0.003482,-172.358185 
wp 0.000000,0.000000,10.391526,1.406072,0.000000,48.471546,17
wp 0.000000,0.000000,10.450734,1.472960,0.000000,49.979671,17
a12.491396,2.960325,10.492197,1.522339,-32.724796,68.451462,18
Rcalc 10.492197,1.522339,0.000000 
Rcalc 9.469208,1.373911,-171.744019 
Rcalc 8.498679,1.233095,-171.744019 
Rcalc 7.580612,1.099890,-171.744019 
Rcalc 6.715006,0.974297,-171.744019 
Rcalc 5.901861,0.856316,-171.744049 
Rcalc 5.141176,0.745946,-171.744019 
Rcalc 4.432953,0.643188,-171.744019 
Rcalc 3.777191,0.548042,-171.744019 
Rcalc 3.173890,0.460508,-171.744019 
Rcalc 2.623049,0.380585,-171.744019 
Rcalc 2.124670,0.308274,-171.744019 
Rcalc 1.678751,0.243574,-171.744019 
Rcalc 1.285294,0.186487,-171.744019 
Rcalc 0.944298,0.137010,-171.744019 
Rcalc 0.655762,0.095146,-171.744019 
Rcalc 0.419688,0.060894,-171.744019 
Rcalc 0.236074,0.034253,-171.744049 
Rcalc 0.104922,0.015223,-171.743988 
Rcalc 0.026230,0.003806,-171.744019 
wp 0.000000,0.000000,10.492197,1.522339,0.000000,68.451462,18
Entre near 
near 10.518260,1.610803,0.000000,83.831245,18
Entre far num sp follow 18 e index 15  
next wp 12.345878,1.850670,10.518260,1.610803,0.000000,84.796402,16
Rcalc 10.518260,1.610803,0.000000 
Rcalc 10.696816,1.636964,8.335326 
Rcalc 10.866963,1.667474,10.166023 
Rcalc 11.028699,1.702333,12.162942 
Rcalc 11.182023,1.741541,14.344165 
Rcalc 11.326937,1.785098,16.729244 
Rcalc 11.463442,1.833004,19.338314 
Rcalc 11.591536,1.885259,22.192463 
Rcalc 11.711219,1.941863,25.311636 
Rcalc 11.822492,2.002815,28.712837 
Rcalc 11.925352,2.068117,32.409531 
Rcalc 12.019804,2.137767,36.405689 
Rcalc 12.105846,2.211767,40.696651 
Rcalc 12.183475,2.290115,45.264122 
Rcalc 12.252695,2.372813,50.069710 
Rcalc 12.313505,2.459859,55.061951 
Rcalc 12.365905,2.551254,60.172958 
Rcalc 12.409895,2.646999,65.323242 
Rcalc 12.445472,2.747092,70.432732 
Rcalc 12.472638,2.851533,75.419670 
Rcalc 10.518260,1.610803,0.000000 
Rcalc 10.679412,1.734981,37.616405 
Rcalc 10.768243,1.837609,49.121712 
Rcalc 10.784750,1.918688,78.492096 
Rcalc 10.728933,1.978218,133.155853 
Rcalc 10.600794,2.016198,163.489838 
Rcalc 10.400333,2.032630,175.313583 
Rcalc 10.127549,2.027512,-178.924744 
Rcalc 9.782443,2.000845,-175.580978 
Rcalc 9.365015,1.952629,-173.410660 
Rcalc 8.875262,1.882863,-171.892319 
Rcalc 8.313189,1.791548,-170.771927 
Rcalc 7.678791,1.678684,-169.911819 
Rcalc 6.972072,1.544271,-169.230942 
Rcalc 6.193028,1.388309,-168.678787 
Rcalc 5.341664,1.210797,-168.222015 
Rcalc 4.417976,1.011736,-167.837982 
Rcalc 3.421968,0.791126,-167.510559 
Rcalc 2.353634,0.548966,-167.228165 
Rcalc 1.212978,0.285258,-166.982086 
Entre near 
a12.871087,2.310807,10.531278,1.732118,-65.656570,79.548332,19
near 10.545184,1.807506,0.000000,72.320526,17
near 10.568283,1.872061,0.000000,64.419182,17
near 10.662642,2.047514,0.000000,48.481319,17
near 10.775369,2.160712,0.000000,40.352932,17
near 10.866026,2.234554,0.000000,36.845528,17
near 10.928847,2.280287,0.000000,33.370075,17
near 11.048872,2.359339,0.000000,27.070965,17
near 11.048872,2.359339,0.000000,27.070965,17
near 11.215045,2.444268,0.000000,19.579477,17
near 11.294303,2.471806,0.000000,16.525917,17
near 11.325987,2.480959,0.000000,15.355667,17
near 11.340894,2.485007,0.000000,13.177505,17
near 11.340894,2.485007,0.000000,13.177505,17
near 11.435775,2.505759,0.000000,9.552443,17
near 11.451082,2.508335,0.000000,8.968529,17
near 11.451082,2.508335,0.000000,8.968529,17
near 11.451082,2.508335,0.000000,8.968529,17
near 11.637109,2.537694,0.000000,4.948550,17
near 11.637109,2.537694,0.000000,4.948550,17
near 11.877397,2.555601,0.000000,0.900413,17
near 11.877397,2.555601,0.000000,0.900413,17
a13.499326,2.742621,12.054581,2.556689,8.178736,-0.845346,20
near 12.054581,2.556689,0.000000,-0.845346,17
near 12.054581,2.556689,0.000000,-0.845346,17
near 12.172670,2.556458,0.000000,4.672303,17
near 12.219601,2.560978,0.000000,7.309557,17
near 12.248968,2.565273,0.000000,9.700558,17
near 12.262097,2.567954,0.000000,13.202987,17
a13.041436,3.456676,12.262097,2.567954,35.548668,13.202987,21
near 12.282922,2.573326,0.000000,17.296177,17
near 12.282922,2.573326,0.000000,17.296177,17
near 12.338672,2.592335,0.000000,34.586224,17
near 12.327557,2.584671,0.000000,49.341465,17
a12.182147,3.667856,12.343043,2.602703,38.446968,60.142643,22
near 12.343043,2.602703,0.000000,60.142643,17
near 12.350394,2.616646,0.000000,66.513756,17
near 12.352299,2.621029,0.000000,68.870506,17
near 12.354735,2.627207,0.000000,88.246613,17
near 12.354751,2.624603,0.000000,92.937584,17
a11.512993,3.277586,12.354751,2.624603,44.998016,97.199539,23
near 12.353393,2.633241,0.000000,104.455582,17
near 12.350761,2.642598,0.000000,109.127243,17
near 12.343920,2.662326,0.000000,116.417610,17
near 12.333769,2.681583,0.000000,122.702553,17
near 12.315945,2.706547,0.000000,131.788940,17
near 12.307042,2.716132,0.000000,136.210602,17
near 12.284817,2.737437,0.000000,136.210602,17
a10.964052,2.764764,12.272052,2.745944,29.798525,149.376709,24
near 11.886301,2.826028,0.000000,-169.418198,17
near 11.886301,2.826028,0.000000,-169.350342,17
near 11.886301,2.826028,0.000000,-169.350342,17
near 11.886301,2.826028,0.000000,-169.350342,17
near 11.886301,2.826028,0.000000,-169.350342,17
near 11.886301,2.826028,0.000000,-169.350342,17
near 11.886301,2.826028,0.000000,-169.350342,17
near 11.886301,2.826028,0.000000,-169.350342,17
near 11.886301,2.826028,0.000000,-169.350342,17
near 11.886301,2.826028,0.000000,-169.350342,17
near 11.886301,2.826028,0.000000,-169.350342,17
near 11.886301,2.826028,0.000000,-169.350342,17
near 11.886301,2.826028,0.000000,-169.350342,17
near 11.886301,2.826028,0.000000,-169.350342,17
near 11.886301,2.826028,0.000000,-169.350342,17
near 11.886301,2.826028,0.000000,-169.350342,17
near 11.886301,2.826028,0.000000,-169.350342,17
near 11.886301,2.826028,0.000000,-169.350342,17
near 11.886301,2.826028,0.000000,-169.350342,17
near 11.886301,2.826028,0.000000,-169.350342,17
near 11.885975,2.825966,0.000000,-169.255203,17
near 11.885641,2.825903,0.000000,-169.157928,17
near 11.885641,2.825903,0.000000,-169.157928,17
near 11.885641,2.825903,0.000000,-169.157928,17
near 11.885641,2.825903,0.000000,-169.157928,17
near 11.885641,2.825903,0.000000,-169.157928,17
near 11.885641,2.825903,0.000000,-169.157928,17
near 11.885641,2.825903,0.000000,-169.157928,17
near 11.885641,2.825903,0.000000,-169.157928,17
near 11.885641,2.825903,0.000000,-169.157928,17
near 11.885641,2.825903,0.000000,-169.157928,17
near 11.885641,2.825903,0.000000,-169.157928,17
near 11.885641,2.825903,0.000000,-169.157928,17
near 11.885641,2.825903,0.000000,-169.157928,17
near 11.885641,2.825903,0.000000,-169.157928,17
near 11.885245,2.825827,0.000000,-169.042419,17
near 11.885245,2.825827,0.000000,-169.042419,17
near 11.885091,2.825797,0.000000,-169.087372,17
near 11.884933,2.825767,0.000000,-169.133270,17
near 11.884933,2.825767,0.000000,-169.133270,17
near 11.884933,2.825767,0.000000,-169.133270,17
near 11.884933,2.825767,0.000000,-169.133270,17
near 11.884933,2.825767,0.000000,-169.133270,17
near 11.884933,2.825767,0.000000,-169.133270,17
near 11.885185,2.825815,0.000000,-169.206772,17
near 11.885185,2.825815,0.000000,-169.206772,17
near 11.885802,2.825931,0.000000,-169.562515,17
near 11.885802,2.825931,0.000000,-169.562515,17
near 11.885802,2.825931,0.000000,-169.562515,17
near 11.885802,2.825931,0.000000,-169.562515,17
near 11.885802,2.825931,0.000000,-169.562515,17
near 11.885802,2.825931,0.000000,-169.562515,17
near 11.885802,2.825931,0.000000,-169.562515,17
near 11.885802,2.825931,0.000000,-169.562515,17
near 11.885802,2.825931,0.000000,-169.562515,17
near 11.885802,2.825931,0.000000,-169.562515,17
near 11.885802,2.825931,0.000000,-169.562515,17
near 11.885802,2.825931,0.000000,-169.562515,17
near 11.885552,2.825885,0.000000,-169.489777,17
near 11.885552,2.825885,0.000000,-169.489777,17
near 11.885552,2.825885,0.000000,-169.489777,17
near 11.884758,2.825737,0.000000,-169.258255,17
near 11.884758,2.825737,0.000000,-169.258255,17
near 11.884228,2.825636,0.000000,-169.103561,17
near 11.884228,2.825636,0.000000,-169.103561,17
near 11.883311,2.825459,0.000000,-168.836227,17
near 11.883311,2.825459,0.000000,-168.836227,17
near 11.883311,2.825459,0.000000,-168.836227,17
near 11.883311,2.825459,0.000000,-168.836227,17
near 11.883311,2.825459,0.000000,-168.836227,17
near 11.883311,2.825459,0.000000,-168.836227,17
near 11.883311,2.825459,0.000000,-168.836227,17
near 11.883311,2.825459,0.000000,-168.836227,17
near 11.883311,2.825459,0.000000,-168.836227,17
near 11.883311,2.825459,0.000000,-168.836227,17
near 11.883311,2.825459,0.000000,-168.836227,17
near 11.883311,2.825459,0.000000,-168.836227,17
near 11.883311,2.825459,0.000000,-168.836227,17
near 11.883311,2.825459,0.000000,-168.836227,17
near 11.883311,2.825459,0.000000,-168.836227,17
near 11.883311,2.825459,0.000000,-168.836227,17
near 11.883311,2.825459,0.000000,-168.836227,17
near 11.883311,2.825459,0.000000,-168.836227,17
near 11.883311,2.825459,0.000000,-168.836227,17
near 11.882927,2.825382,0.000000,-168.948502,17
near 11.882927,2.825382,0.000000,-168.948502,17
near 11.882850,2.825367,0.000000,-168.970963,17
a10.546018,2.131363,11.701503,2.765818,7.050345,-158.279633,25
near 11.573359,2.712225,0.000000,-155.385300,17
near 11.508985,2.682732,0.000000,-154.479706,17
near 11.389740,2.625804,0.000000,-154.479706,17
near 11.350248,2.606981,0.000000,-154.436417,17
near 11.270631,2.568760,0.000000,-154.301712,17
a9.863721,1.813539,11.270631,2.568760,2.156206,-153.929184,26
near 11.270631,2.568760,0.000000,-153.929184,17
near 11.270631,2.568760,0.000000,-153.929184,17
near 11.041440,2.456627,0.000000,-152.428696,17
near 11.017611,2.444185,0.000000,-152.316422,17
near 11.017611,2.444185,0.000000,-152.316422,17
a9.053004,1.532864,10.532961,2.191891,-3.402654,-152.593491,27
near 9.958703,1.922169,0.000000,-152.630844,17
a8.304003,1.040583,9.613923,1.747767,1.676285,-153.312729,28
near 9.613923,1.747767,0.000000,-151.046967,17
near 9.613923,1.747767,0.000000,-151.046967,17
near 9.492196,1.680446,0.000000,-150.632080,17
near 9.419533,1.638822,0.000000,-149.371704,17
near 9.419533,1.638822,0.000000,-149.371704,17
near 9.419533,1.638822,0.000000,-149.371704,17
near 9.238877,1.531864,0.000000,-148.203857,17
near 9.211534,1.514876,0.000000,-147.977844,17
near 9.185356,1.498445,0.000000,-147.933243,17
near 9.115506,1.454685,0.000000,-147.933243,17
near 9.115506,1.454685,0.000000,-147.577271,17
a7.712027,0.575060,8.855017,1.289214,-0.086587,-147.915405,29
near 8.623360,1.136978,0.000000,-145.936798,17
near 8.527103,1.073408,0.000000,-147.841812,17
near 8.489242,1.049984,0.000000,-148.766251,17
near 8.472528,1.039849,0.000000,-148.519241,17
near 8.461632,1.033174,0.000000,-148.406982,17
near 8.400630,0.995592,0.000000,-148.224869,17
near 8.398974,0.994567,0.000000,-148.410767,17
near 8.398774,0.994443,0.000000,-148.388321,17
near 8.388468,0.988050,0.000000,-147.651398,17
near 8.388201,0.987881,0.000000,-147.741852,17
near 8.387362,0.987351,0.000000,-147.647110,17
near 8.386960,0.987097,0.000000,-147.555862,17
near 8.374341,0.979056,0.000000,-147.331314,17
near 8.374341,0.979056,0.000000,-147.331314,17
near 8.374341,0.979056,0.000000,-147.331314,17
near 8.374341,0.979056,0.000000,-147.331314,17
near 8.374341,0.979056,0.000000,-147.331314,17
near 8.374341,0.979056,0.000000,-147.331314,17
near 8.374341,0.979056,0.000000,-147.331314,17
near 8.374341,0.979056,0.000000,-147.331314,17
near 8.374341,0.979056,0.000000,-147.331314,17
near 8.374341,0.979056,0.000000,-147.331314,17
near 8.370164,0.976366,0.000000,-145.907913,17
near 8.369756,0.976089,0.000000,-145.766632,17
near 8.369756,0.976089,0.000000,-145.766632,17
near 8.368987,0.975564,0.000000,-145.567337,17
near 8.365787,0.973339,0.000000,-143.707336,17
near 8.366036,0.973519,0.000000,-144.068069,17
near 8.366096,0.973542,0.000000,-145.906876,17
near 8.366096,0.973542,0.000000,-145.906876,17
near 8.366096,0.973542,0.000000,-145.906876,17
near 8.366096,0.973542,0.000000,-145.906876,17
near 8.365561,0.973180,0.000000,-146.091553,17
near 8.365561,0.973180,0.000000,-146.091553,17
near 8.363353,0.971701,0.000000,-146.853180,17
near 8.362959,0.971444,0.000000,-146.987885,17
near 8.362959,0.971444,0.000000,-146.987885,17
near 8.363117,0.971547,0.000000,-147.042038,17
near 8.362984,0.971461,0.000000,-147.223480,17
near 8.362720,0.971291,0.000000,-147.313339,17
near 8.361181,0.970306,0.000000,-147.836761,17
near 8.361112,0.970262,0.000000,-147.860352,17
near 8.361112,0.970262,0.000000,-147.860352,17
near 8.293196,0.931709,0.000000,-150.450958,17
a7.054500,0.166911,8.283858,0.926416,1.867583,-150.159195,30
near 8.260096,0.912695,0.000000,-149.575226,17
near 8.210780,0.883609,0.000000,-149.512131,17
near 8.194373,0.873949,0.000000,-149.534576,17
near 8.194373,0.873949,0.000000,-149.534576,17
near 7.969450,0.742863,0.000000,-151.944672,17
a6.254136,-0.032673,7.911016,0.711722,-3.673966,-152.132477,31
near 7.883925,0.697397,0.000000,-152.154922,17
near 7.855163,0.682204,0.000000,-152.446838,17
near 7.653053,0.581774,0.000000,-154.292099,17
a5.687420,-0.545038,7.501444,0.508785,3.163094,-153.009109,32
near 7.322471,0.415260,0.000000,-152.136810,17
near 7.218544,0.360025,0.000000,-151.867371,17
near 7.115085,0.305094,0.000000,-152.077957,17
near 7.006322,0.246652,0.000000,-150.591354,17
a5.034555,-0.958791,6.903592,0.188045,1.518587,-149.985062,33
near 6.869004,0.167737,0.000000,-149.117615,17
Entre far num sp follow 33 e index 30  
next wp 5.687420,-0.545038,6.671800,0.049610,0.000000,-149.068512,31
Rcalc 6.671800,0.049610,0.000000 
Rcalc 6.574190,-0.009402,-148.843430 
Rcalc 6.478239,-0.067510,-148.800629 
Rcalc 6.383945,-0.124714,-148.756378 
Rcalc 6.291308,-0.181013,-148.710846 
Rcalc 6.200330,-0.236408,-148.663437 
Rcalc 6.111008,-0.290898,-148.614578 
Rcalc 6.023345,-0.344484,-148.563675 
Rcalc 5.937338,-0.397165,-148.510971 
Rcalc 5.852990,-0.448942,-148.456131 
Rcalc 5.770299,-0.499814,-148.399506 
Rcalc 5.689265,-0.549782,-148.340393 
Rcalc 5.609890,-0.598845,-148.278656 
Rcalc 5.532171,-0.647004,-148.215012 
Rcalc 5.456110,-0.694259,-148.148285 
Rcalc 5.381707,-0.740609,-148.078384 
Rcalc 5.308961,-0.786054,-148.005997 
Rcalc 5.237874,-0.830595,-147.929855 
Rcalc 5.168443,-0.874232,-147.850540 
Rcalc 5.100670,-0.916964,-147.767578 
wp 5.687420,-0.545038,6.606027,0.009899,0.000000,-148.209183,31
wp 5.687420,-0.545038,6.606027,0.009899,0.000000,-148.209183,31
a4.527639,-1.544063,6.529079,-0.037793,5.174383,-148.209183,34
wp 5.687420,-0.545038,6.498178,-0.057498,0.000000,-147.544907,31
wp 5.687420,-0.545038,6.489050,-0.063302,0.000000,-147.814362,31
wp 5.687420,-0.545038,6.424280,-0.103475,0.000000,-149.287888,31
wp 5.687420,-0.545038,6.360257,-0.141542,0.000000,-149.237579,31
a3.765426,-1.812065,6.346649,-0.149780,1.524940,-148.743408,35
wp 5.687420,-0.545038,6.323627,-0.163753,0.000000,-147.784729,31
wp 5.687420,-0.545038,6.310300,-0.172151,0.000000,-147.717377,31
wp 5.687420,-0.545038,6.233433,-0.220222,0.000000,-149.225739,31
wp 5.687420,-0.545038,6.204772,-0.237290,0.000000,-149.450150,31
wp 5.687420,-0.545038,6.204772,-0.237290,0.000000,-149.450150,31
wp 5.687420,-0.545038,6.121507,-0.286433,0.000000,-147.117661,31
wp 5.687420,-0.545038,6.065578,-0.322591,0.000000,-146.638290,31
wp 5.687420,-0.545038,6.065578,-0.322591,0.000000,-146.638290,31
wp 5.687420,-0.545038,5.986386,-0.373833,0.000000,-149.679260,31
wp 5.687420,-0.545038,5.986386,-0.373833,0.000000,-149.679260,31
wp 5.687420,-0.545038,5.900389,-0.424673,0.000000,-147.464890,31
wp 5.687420,-0.545038,5.900389,-0.424673,0.000000,-147.464890,31
wp 5.687420,-0.545038,5.820396,-0.475448,0.000000,-147.927765,31
wp 5.687420,-0.545038,5.775461,-0.503572,0.000000,-148.617554,31
wp 5.687420,-0.545038,5.736795,-0.526953,0.000000,-149.248306,31
wp 5.687420,-0.545038,5.723388,-0.534930,0.000000,-149.046173,31
wp 5.687420,-0.545038,5.656463,-0.575388,0.000000,-147.784882,31
wp 5.687420,-0.545038,5.629394,-0.592459,0.000000,-147.805695,31
wp 5.687420,-0.545038,5.568964,-0.630336,0.000000,-148.525513,31
wp 5.687420,-0.545038,5.556041,-0.638247,0.000000,-148.435074,31
wp 5.687420,-0.545038,5.487874,-0.680187,0.000000,-148.276657,31
wp 5.687420,-0.545038,5.450300,-0.703349,0.000000,-148.321457,31
wp 5.687420,-0.545038,5.450300,-0.703349,0.000000,-148.321457,31
next wp 5.034555,-0.958791,5.359849,-0.759165,0.000000,-148.622925,32
Rcalc 5.359849,-0.759165,0.000000 
Rcalc 5.326866,-0.780092,-147.605927 
Rcalc 5.292974,-0.802947,-146.005753 
Rcalc 5.258174,-0.827730,-144.542709 
Rcalc 5.222466,-0.854441,-143.201279 
Rcalc 5.185851,-0.883081,-141.968414 
Rcalc 5.148327,-0.913649,-140.832458 
Rcalc 5.109895,-0.946145,-139.783600 
Rcalc 5.070554,-0.980569,-138.812622 
Rcalc 5.030306,-1.016922,-137.910721 
Rcalc 4.989150,-1.055203,-137.072937 
Rcalc 4.947085,-1.095412,-136.291718 
Rcalc 4.904113,-1.137549,-135.561981 
Rcalc 4.860232,-1.181614,-134.879150 
Rcalc 4.815442,-1.227608,-134.240311 
Rcalc 4.769746,-1.275530,-133.637680 
Rcalc 4.723141,-1.325380,-133.072922 
Rcalc 4.675628,-1.377158,-132.539917 
Rcalc 4.627207,-1.430865,-132.036789 
Rcalc 4.577877,-1.486500,-131.562592 
wp 5.034555,-0.958791,5.345128,-0.768143,0.000000,-148.533127,32
wp 5.034555,-0.958791,5.306020,-0.792298,0.000000,-147.589233,32
wp 5.034555,-0.958791,5.293712,-0.800113,0.000000,-147.185028,32
wp 5.034555,-0.958791,5.293712,-0.800113,0.000000,-147.185028,32
Entre near 
a3.292040,-2.402428,5.191007,-0.866339,2.338849,-143.368866,36
near 5.191007,-0.866339,0.000000,-143.368866,32
near 5.079803,-0.950180,0.000000,-141.795715,32
near 4.007212,-1.770102,0.000000,-141.151474,32
a2.616387,-2.738755,3.986521,-1.786766,-3.988701,-141.218826,37
near 3.986521,-1.786766,0.000000,-141.218826,32
near 3.856685,-1.891085,0.000000,-142.823868,32
near 3.789892,-1.940641,0.000000,-144.283676,32
near 3.718046,-1.991489,0.000000,-145.226837,32
a1.980096,-3.159623,3.660582,-2.030443,0.002860,-146.103928,38
near 3.575835,-2.097383,0.000000,-140.570175,32
near 3.300865,-2.325412,0.000000,-141.243881,32
near 3.140974,-2.452104,0.000000,-142.644424,32
near 3.047699,-2.522798,0.000000,-143.096085,32
a1.322192,-3.583801,3.016288,-2.546385,-5.011413,-143.506119,39
near 2.495665,-2.886084,0.000000,-152.215958,32
a0.573677,-3.955507,2.495665,-2.886084,1.308531,-152.215958,40
near 2.288671,-2.994904,0.000000,-152.419128,32
near 2.186137,-3.049018,0.000000,-152.037384,32
a0.021516,-2.903110,2.053864,-3.119770,-3.082771,176.997284,41
near 1.829813,-3.104180,0.000000,175.428482,32
