pobx,poby,px,py,ang,angr,num 
deteccion 2.074628,-0.063783,-1.760760,207.560852
deteccion 2.072708,-0.063744,-1.761294,207.368820
deteccion 2.062804,-0.044015,-1.222147,206.327347
deteccion 2.040606,-0.047755,-1.340405,204.116486
deteccion 2.025350,-0.048099,-1.360232,202.592056
deteccion camara 2.025350,-0.048099,-1.360232,202.592056
a2.002289,-0.027297,0.000000,-0.000000,-0.781062,-0.000000,1
near 0.000000,-0.000000,0.000000,-0.000000,-1
near 0.086459,-0.000000,0.000000,-1.976829,-1
near 0.295148,-0.009402,0.000000,-2.884924,-1
near 0.295148,-0.009402,0.000000,-2.884924,-1
near 0.497161,-0.017043,0.000000,1.039746,-1
near 0.529712,-0.016506,0.000000,0.632065,-1
near 0.588009,-0.015918,0.000000,0.264358,-1
near 0.634703,-0.015852,0.000000,-0.269892,-1
near 0.681809,-0.015963,0.000000,0.861075,-1
near 0.681809,-0.015963,0.000000,0.861075,-1
near 0.799237,-0.013654,0.000000,1.683636,-1
near 0.799237,-0.013654,0.000000,1.908378,-1
a2.766531,0.128130,0.973413,-0.007850,0.502413,3.834285,2
near 0.973413,-0.007850,0.000000,3.834285,-1
a3.354743,0.757153,1.386717,0.029031,13.121922,7.181276,3
near 1.419306,0.033138,0.000000,7.473233,-1
near 1.451332,0.037339,0.000000,7.697824,-1
a4.134687,0.998060,1.898852,0.102137,10.292425,11.544045,4
Entre far num sp follow 4 e index 1  
next wp 3.354743,0.757153,2.243073,0.185428,0.000000,15.030929,2
Rcalc 2.243073,0.185428,0.000000 
Rcalc 2.353411,0.241773,27.051640 
Rcalc 2.462090,0.296465,26.713251 
Rcalc 2.569110,0.349502,26.362089 
Rcalc 2.674472,0.400885,25.997633 
Rcalc 2.778175,0.450614,25.619196 
Rcalc 2.880220,0.498689,25.225887 
Rcalc 2.980606,0.545110,24.816935 
Rcalc 3.079333,0.589877,24.391399 
Rcalc 3.176402,0.632990,23.948174 
Rcalc 3.271811,0.674449,23.486418 
Rcalc 3.365563,0.714253,23.004845 
Rcalc 3.457656,0.752404,22.502224 
Rcalc 3.548090,0.788900,21.977484 
Rcalc 3.636865,0.823742,21.428787 
Rcalc 3.723982,0.856931,20.854876 
Rcalc 3.809441,0.888465,20.254068 
Rcalc 3.893240,0.918345,19.624487 
Rcalc 3.975381,0.946571,18.964033 
Rcalc 4.055863,0.973143,18.271032 
wp 3.354743,0.757153,2.243073,0.185428,0.000000,15.030929,2
wp 3.354743,0.757153,2.348712,0.214085,0.000000,15.592210,2
wp 3.354743,0.757153,2.416176,0.233819,0.000000,18.598436,2
a4.855077,1.215379,2.416176,0.233819,3.324327,18.598436,5
wp 3.354743,0.757153,2.416176,0.233819,0.000000,18.598436,2
wp 3.354743,0.757153,2.487955,0.258857,0.000000,23.101175,2
wp 3.354743,0.757153,2.582989,0.300183,0.000000,24.381578,2
wp 3.354743,0.757153,2.582989,0.300183,0.000000,24.381578,2
wp 3.354743,0.757153,2.664253,0.336922,0.000000,24.029152,2
a5.658207,1.127102,2.664253,0.336922,-9.244503,24.029152,6
wp 3.354743,0.757153,2.714858,0.359483,0.000000,24.420107,2
wp 3.354743,0.757153,2.759762,0.380064,0.000000,25.254642,2
wp 3.354743,0.757153,2.815997,0.406591,0.000000,25.161383,2
wp 3.354743,0.757153,2.843859,0.419607,0.000000,24.891464,2
wp 3.354743,0.757153,2.879742,0.436257,0.000000,24.508245,2
wp 3.354743,0.757153,2.945464,0.466219,0.000000,24.283331,2
wp 3.354743,0.757153,2.978899,0.481305,0.000000,24.491417,2
wp 3.354743,0.757153,2.978899,0.481305,0.000000,24.491417,2
wp 3.354743,0.757153,3.097732,0.535438,0.000000,23.512129,2
a6.451155,0.859553,3.097732,0.535438,-17.991535,23.512129,7
wp 3.354743,0.757153,3.127211,0.548257,0.000000,23.444635,2
wp 3.354743,0.757153,3.172222,0.567679,0.000000,23.096699,2
wp 3.354743,0.757153,3.218224,0.587235,0.000000,22.854473,2
wp 3.354743,0.757153,3.232522,0.593261,0.000000,22.809574,2
wp 3.354743,0.757153,3.334437,0.636123,0.000000,23.574638,2
wp 3.354743,0.757153,3.334437,0.636123,0.000000,23.574638,2
wp 3.354743,0.757153,3.426878,0.676460,0.000000,22.855886,2
wp 3.354743,0.757153,3.454909,0.688232,0.000000,22.676306,2
a7.068788,0.409210,3.454909,0.688232,-27.091244,22.676306,8
wp 3.354743,0.757153,3.454909,0.688232,0.000000,22.676306,2
wp 3.354743,0.757153,3.454909,0.688232,0.000000,22.676306,2
wp 3.354743,0.757153,3.672033,0.777641,0.000000,20.132793,2
next wp 4.134687,0.998060,3.703037,0.788934,0.000000,19.902855,3
Rcalc 3.703037,0.788934,0.000000 
Rcalc 3.746924,0.809867,25.499939 
Rcalc 3.792255,0.830842,24.829575 
Rcalc 3.839029,0.851857,24.193848 
Rcalc 3.887247,0.872912,23.589912 
Rcalc 3.936909,0.894009,23.016357 
Rcalc 3.988014,0.915147,22.470657 
Rcalc 4.040563,0.936326,21.950954 
Rcalc 4.094556,0.957546,21.455248 
Rcalc 4.149992,0.978807,20.982761 
Rcalc 4.206872,1.000109,20.530884 
Rcalc 4.265196,1.021451,20.099203 
Rcalc 4.324964,1.042835,19.686350 
Rcalc 4.386175,1.064260,19.290636 
Rcalc 4.448830,1.085725,18.911371 
Rcalc 4.512928,1.107232,18.547804 
Rcalc 4.578471,1.128779,18.198423 
Rcalc 4.645457,1.150368,17.863182 
Rcalc 4.713887,1.171997,17.540842 
Rcalc 4.783760,1.193668,17.230715 
lost 
wp 4.134687,0.998060,3.764193,0.811222,0.000000,20.844517,3
wp 4.134687,0.998060,3.856118,0.847192,0.000000,24.313080,3
wp 4.134687,0.998060,3.900139,0.867023,0.000000,23.655642,3
wp 4.134687,0.998060,3.959911,0.892725,0.000000,22.230545,3
wp 4.134687,0.998060,4.055191,0.931493,0.000000,21.810190,3
wp 4.134687,0.998060,4.055191,0.931493,0.000000,21.810190,3
wp 4.134687,0.998060,4.055191,0.931493,0.000000,21.810190,3
wp 4.134687,0.998060,4.227149,0.998291,0.000000,18.068993,3
wp 4.134687,0.998060,4.346348,1.039857,0.000000,20.851072,3
wp 4.134687,0.998060,4.361099,1.045475,0.000000,20.648605,3
next wp 4.855077,1.215379,4.478067,1.088463,0.000000,16.474735,4
Rcalc 4.478067,1.088463,0.000000 
Rcalc 4.516834,1.100617,17.406816 
Rcalc 4.557730,1.111694,15.155874 
Rcalc 4.600758,1.121696,13.085768 
Rcalc 4.645916,1.130622,11.180676 
Rcalc 4.693205,1.138471,9.425055 
Rcalc 4.742624,1.145245,7.804776 
Rcalc 4.794174,1.150943,6.307251 
Rcalc 4.847855,1.155565,4.921080 
Rcalc 4.903666,1.159111,3.635293 
Rcalc 4.961607,1.161581,2.440891 
Rcalc 5.021680,1.162975,1.329244 
Rcalc 5.083883,1.163293,0.292956 
Rcalc 5.148216,1.162535,-0.674881 
Rcalc 5.214680,1.160701,-1.580754 
Rcalc 5.283275,1.157791,-2.428894 
Rcalc 5.354000,1.153805,-3.225627 
Rcalc 5.426857,1.148743,-3.974358 
Rcalc 5.501843,1.142606,-4.679284 
Rcalc 5.578960,1.135392,-5.344025 
wp 4.855077,1.215379,4.508250,1.097177,0.000000,15.979271,4
wp 4.855077,1.215379,4.575407,1.116408,0.000000,15.065010,4
lost 
wp 4.855077,1.215379,4.606292,1.124708,0.000000,14.750633,4
wp 4.855077,1.215379,4.668691,1.140447,0.000000,12.504526,4
lost 
wp 4.855077,1.215379,4.714488,1.149867,0.000000,10.122269,4
wp 4.855077,1.215379,4.773069,1.160325,0.000000,8.796349,4
lost 
wp 4.855077,1.215379,4.773069,1.160325,0.000000,8.796349,4
wp 4.855077,1.215379,4.916127,1.178763,0.000000,3.334332,4
lost 
wp 4.855077,1.215379,4.977258,1.181674,0.000000,1.982245,4
lost 
wp 4.855077,1.215379,5.058377,1.184579,0.000000,2.148727,4
lost 
wp 4.855077,1.215379,5.106700,1.186090,0.000000,0.914119,4
wp 4.855077,1.215379,5.138067,1.186591,0.000000,0.361832,4
lost 
wp 4.855077,1.215379,5.263866,1.187385,0.000000,-0.192618,4
next wp 5.658207,1.127102,5.263866,1.187385,0.000000,-0.192618,5
Rcalc 5.263866,1.187385,0.000000 
Rcalc 5.304296,1.180839,-9.197463 
Rcalc 5.346720,1.173256,-10.134075 
Rcalc 5.391137,1.164637,-10.981732 
Rcalc 5.437547,1.154982,-11.752392 
Rcalc 5.485950,1.144290,-12.456352 
Rcalc 5.536345,1.132562,-13.100553 
Rcalc 5.588735,1.119797,-13.693233 
Rcalc 5.643116,1.105996,-14.239704 
Rcalc 5.699491,1.091159,-14.745067 
Rcalc 5.757859,1.075286,-15.213687 
Rcalc 5.818220,1.058376,-15.649941 
Rcalc 5.880574,1.040430,-16.056204 
Rcalc 5.944921,1.021448,-16.435993 
Rcalc 6.011261,1.001429,-16.791842 
Rcalc 6.079594,0.980374,-17.125296 
Rcalc 6.149920,0.958282,-17.438862 
Rcalc 6.222239,0.935155,-17.734425 
Rcalc 6.296552,0.910991,-18.012806 
Rcalc 6.372857,0.885790,-18.276339 
lost 
wp 5.658207,1.127102,5.309859,1.186910,0.000000,-1.831303,5
lost 
wp 5.658207,1.127102,5.371946,1.183185,0.000000,-6.016963,5
lost 
wp 5.658207,1.127102,5.418770,1.177619,0.000000,-9.272634,5
wp 5.658207,1.127102,5.418770,1.177619,0.000000,-9.272634,5
lost 
wp 5.658207,1.127102,5.524222,1.160223,0.000000,-10.035201,5
lost 
wp 5.658207,1.127102,5.569815,1.152024,0.000000,-10.821168,5
lost 
wp 5.658207,1.127102,5.622882,1.141881,0.000000,-12.859707,5
wp 5.658207,1.127102,5.688070,1.126999,0.000000,-13.929296,5
lost 
wp 5.658207,1.127102,5.747786,1.112025,0.000000,-14.221442,5
lost 
wp 5.658207,1.127102,5.791790,1.100805,0.000000,-14.423554,5
lost 
wp 5.658207,1.127102,5.823123,1.092640,0.000000,-14.963365,5
wp 5.658207,1.127102,5.904797,1.070812,0.000000,-14.378362,5
lost 
wp 5.658207,1.127102,5.904797,1.070812,0.000000,-14.378362,5
lost 
next wp 6.451155,0.859553,6.008359,1.043558,0.000000,-17.236717,6
Rcalc 6.008359,1.043558,0.000000 
Rcalc 6.053076,1.024491,-23.092342 
Rcalc 6.098667,1.004093,-24.104254 
Rcalc 6.145132,0.982364,-25.063129 
Rcalc 6.192471,0.959302,-25.973183 
Rcalc 6.240685,0.934909,-26.836510 
Rcalc 6.289772,0.909185,-27.657255 
Rcalc 6.339733,0.882128,-28.437490 
Rcalc 6.390570,0.853740,-29.179735 
Rcalc 6.442280,0.824020,-29.887594 
Rcalc 6.494864,0.792969,-30.562006 
Rcalc 6.548323,0.760586,-31.206009 
Rcalc 6.602655,0.726871,-31.820616 
Rcalc 6.657863,0.691824,-32.408054 
Rcalc 6.713943,0.655446,-32.970501 
Rcalc 6.770899,0.617736,-33.508301 
Rcalc 6.828728,0.578694,-34.023945 
Rcalc 6.887432,0.538321,-34.517982 
Rcalc 6.947010,0.496616,-34.992504 
Rcalc 7.007462,0.453579,-35.447643 
wp 6.451155,0.859553,6.024046,1.038690,0.000000,-17.236717,6
lost 
wp 6.451155,0.859553,6.054203,1.029083,0.000000,-18.370420,6
lost 
wp 6.451155,0.859553,6.132317,1.003143,0.000000,-23.228481,6
wp 6.451155,0.859553,6.192222,0.977432,0.000000,-25.199276,6
lost 
wp 6.451155,0.859553,6.210605,0.968782,0.000000,-25.655743,6
lost 
wp 6.451155,0.859553,6.267393,0.941621,0.000000,-25.384666,6
lost 
wp 6.451155,0.859553,6.309128,0.921603,0.000000,-26.443678,6
wp 6.451155,0.859553,6.351279,0.900172,0.000000,-27.794413,6
lost 
wp 6.451155,0.859553,6.419213,0.863954,0.000000,-28.017984,6
lost 
wp 6.451155,0.859553,6.503565,0.817193,0.000000,-30.295622,6
lost 
wp 6.451155,0.859553,6.544833,0.792892,0.000000,-30.722296,6
wp 6.451155,0.859553,6.617487,0.749372,0.000000,-31.365305,6
lost 
wp 6.451155,0.859553,6.644585,0.732778,0.000000,-32.016953,6
lost 
wp 6.451155,0.859553,6.689449,0.704691,0.000000,-32.278503,6
next wp 7.068788,0.409210,6.714586,0.688813,0.000000,-32.600784,7
llegue a fin con index 7 ang -32.600784 
lost 
wp 7.068788,0.409210,6.736415,0.674802,0.000000,-32.982441,7
lost 
wp 7.068788,0.409210,6.747732,0.667466,0.000000,-32.982597,7
wp 7.068788,0.409210,6.747732,0.667466,0.000000,-32.982597,7
lost 
wp 7.068788,0.409210,6.747732,0.667466,0.000000,-32.982597,7
lost 
wp 7.068788,0.409210,6.747732,0.667466,0.000000,-32.982597,7
lost 
wp 7.068788,0.409210,6.747732,0.667466,0.000000,-32.982597,7
wp 7.068788,0.409210,6.747732,0.667466,0.000000,-32.982597,7
lost 
wp 7.068788,0.409210,6.747732,0.667466,0.000000,-32.982597,7
lost 
wp 7.068788,0.409210,6.747732,0.667466,0.000000,-32.982597,7
lost 
wp 7.068788,0.409210,6.747732,0.667466,0.000000,-32.982597,7
wp 7.068788,0.409210,6.747732,0.667466,0.000000,-32.982597,7
lost 
wp 7.068788,0.409210,6.747732,0.667466,0.000000,-32.982597,7
lost 
wp 7.068788,0.409210,6.747732,0.667466,0.000000,-32.982597,7
lost 
wp 7.068788,0.409210,6.747732,0.667466,0.000000,-32.982597,7
lost 
wp 7.068788,0.409210,6.747732,0.667466,0.000000,-32.982597,7
wp 7.068788,0.409210,6.747732,0.667466,0.000000,-32.982597,7
lost 
wp 7.068788,0.409210,6.747732,0.667466,0.000000,-32.982597,7
lost 
entre caso 1 ang -32.600784 
wp 7.068788,0.409210,6.747732,0.667466,0.000000,-32.982597,7
lost 
wp 7.068788,0.409210,6.747732,0.667466,0.000000,-32.982597,7
wp 7.068788,0.409210,6.747732,0.667466,0.000000,-32.982597,7
lost 
wp 7.068788,0.409210,6.747732,0.667466,0.000000,-32.982597,7
lost 
wp 7.068788,0.409210,6.747732,0.667466,0.000000,-32.982597,7
lost 
wp 7.068788,0.409210,6.747732,0.667466,0.000000,-32.982597,7
wp 7.068788,0.409210,6.747732,0.667466,0.000000,-32.982597,7
lost 
wp 7.068788,0.409210,6.747732,0.667466,0.000000,-32.982597,7
lost 
wp 7.068788,0.409210,6.747732,0.667466,0.000000,-32.982597,7
lost 
wp 7.068788,0.409210,6.747732,0.667466,0.000000,-32.982597,7
lost 
wp 7.068788,0.409210,6.747732,0.667466,0.000000,-32.982597,7
wp 7.068788,0.409210,6.747732,0.667466,0.000000,-32.982597,7
lost 
wp 7.068788,0.409210,6.747732,0.667466,0.000000,-32.982597,7
lost 
wp 7.068788,0.409210,6.747732,0.667466,0.000000,-32.982597,7
lost 
wp 7.068788,0.409210,6.747732,0.667466,0.000000,-32.982597,7
wp 7.068788,0.409210,6.747732,0.667466,0.000000,-32.982597,7
lost 
wp 7.068788,0.409210,6.747732,0.667466,0.000000,-32.982597,7
lost 
wp 7.068788,0.409210,6.747732,0.667466,0.000000,-32.982597,7
entre caso 2 ang 12.399216 
lost 
wp 7.068788,0.409210,6.747667,0.667509,0.000000,-32.690819,7
