pobx,poby,px,py,ang,angr,num 
deteccion 1.802912,-0.164295,-5.206606,181.038239
deteccion camara 1.802912,-0.164295,-5.206606,181.038239
a2.140974,-0.482002,1.745678,1.286071,-5.179990,-72.217216,1
near 1.745678,1.286071,0.000000,-72.217216,-1
near 1.745678,1.286071,0.000000,-72.217216,-1
near 1.832921,1.013268,0.000000,-72.790306,-1
near 1.857841,0.931605,0.000000,-74.295624,-1
near 1.905450,0.764969,0.000000,-73.408752,-1
near 1.936435,0.661457,0.000000,-72.710480,-1
near 1.975842,0.534853,0.000000,-72.710480,-1
near 1.990739,0.479935,0.000000,-75.786377,-1
near 2.003238,0.430587,0.000000,-76.837875,-1
near 2.003238,0.430587,0.000000,-76.837875,-1
near 2.034055,0.302906,0.000000,-74.773819,-1
near 2.048218,0.252416,0.000000,-73.445503,-1
a2.562146,-1.164139,2.069917,0.179418,3.566634,-73.445503,2
near 2.075319,0.161243,0.000000,-73.310829,-1
near 2.112081,0.041464,0.000000,-72.392502,-1
near 2.125864,-0.001966,0.000000,-71.909050,-1
near 2.164300,-0.120496,0.000000,-72.688461,-1
a3.069402,-1.757220,2.164300,-0.120496,11.631032,-72.688461,3
near 2.164300,-0.120496,0.000000,-72.688461,-1
near 2.164300,-0.120496,0.000000,-72.688461,-1
near 2.245841,-0.363067,0.000000,-65.484283,-1
a2.727232,-2.436694,2.377592,-0.660649,-9.645051,-69.217667,4
a3.120427,-3.119606,2.600667,-1.398060,1.902826,-75.102814,5
near 2.701474,-1.761442,0.000000,-73.426765,-1
a3.382651,-3.834973,2.803215,-2.094118,2.153234,-73.743271,6
near 2.834130,-2.199726,0.000000,-73.383774,-1
near 2.854085,-2.268395,0.000000,-73.652908,-1
a4.199926,-4.106343,2.975219,-2.614450,14.179531,-64.796570,7
near 3.086070,-2.834975,0.000000,-57.719254,-1
near 3.171812,-2.967757,0.000000,-56.685909,-1
near 3.239033,-3.065886,0.000000,-54.935036,-1
a4.703193,-4.691049,3.417612,-3.315901,7.643066,-54.570969,8
near 3.417612,-3.315901,0.000000,-54.773598,-1
near 3.503637,-3.438276,0.000000,-53.739079,-1
near 3.608910,-3.583422,0.000000,-55.234871,-1
near 3.742575,-3.771939,0.000000,-53.915222,-1
near 3.803686,-3.854826,0.000000,-52.800312,-1
a4.998050,-5.591306,3.803686,-3.854826,-2.679075,-52.800312,9
near 3.950291,-4.039154,0.000000,-51.235752,-1
near 4.001794,-4.103621,0.000000,-52.002411,-1
near 4.107822,-4.237216,0.000000,-50.915131,-1
near 4.127187,-4.261057,0.000000,-50.915131,-1
a5.653736,-5.973608,4.211635,-4.365027,0.937903,-49.061390,10
near 4.211635,-4.365027,0.000000,-49.061390,-1
near 4.319096,-4.488915,0.000000,-48.150879,-1
near 4.487926,-4.680550,0.000000,-50.956409,-1
near 4.560516,-4.770969,0.000000,-51.986534,-1
a5.555341,-6.722857,4.609143,-4.833383,-11.045114,-52.354259,11
near 4.869271,-5.167922,0.000000,-52.849323,-1
near 5.040929,-5.396792,0.000000,-54.193714,-1
a6.024822,-7.486582,5.160606,-5.565508,-11.022820,-54.755909,12
near 5.347411,-5.912376,0.000000,-63.786903,-1
near 5.588519,-6.389805,0.000000,-61.589867,-1
near 5.588519,-6.389805,0.000000,-61.589867,-1
near 5.625611,-6.458376,0.000000,-59.007030,-1
near 5.660472,-6.515752,0.000000,-59.394218,-1
a6.651899,-7.934649,5.719453,-6.615043,3.837218,-58.591690,13
near 5.775933,-6.707334,0.000000,-58.126167,-1
near 5.798717,-6.744009,0.000000,-57.969059,-1
near 5.851694,-6.828688,0.000000,-58.054478,-1
near 5.973282,-7.022048,0.000000,-57.925018,-1
near 6.160945,-7.327807,0.000000,-44.949474,-1
near 6.149836,-7.316913,0.000000,-40.460033,-1
near 6.147792,-7.315200,0.000000,-37.584450,-1
a6.842306,-7.182753,6.147986,-7.315350,48.396294,-37.584450,14
near 6.147986,-7.315350,0.000000,-33.151237,-1
near 6.150393,-7.316921,0.000000,-20.985594,-1
near 6.150393,-7.316921,0.000000,-20.985594,-1
near 6.150393,-7.316921,0.000000,-20.985594,-1
a6.213646,-6.488661,6.150393,-7.316921,55.490143,30.142494,15
near 6.150324,-7.316961,0.000000,37.668758,-1
near 6.150324,-7.316961,0.000000,46.495724,-1
near 6.150324,-7.316961,0.000000,46.495724,-1
near 6.153616,-7.313493,0.000000,46.495724,-1
a5.407479,-6.448643,6.153881,-7.312576,54.291386,76.533966,16
near 6.153881,-7.312576,0.000000,76.533966,-1
near 6.153881,-7.312576,0.000000,76.533966,-1
near 6.153881,-7.312576,0.000000,76.533966,-1
near 6.153881,-7.312576,0.000000,76.533966,-1
a5.666880,-5.622887,6.211964,-7.070007,34.105568,76.533966,17
a4.893151,-6.241661,6.211964,-7.070007,33.306831,114.559891,18
near 6.211964,-7.070007,0.000000,114.559891,-1
near 6.154967,-6.954707,0.000000,125.568573,-1
near 6.124968,-6.914023,0.000000,128.273514,-1
near 6.089759,-6.869399,0.000000,129.674805,-1
near 5.991860,-6.755598,0.000000,134.897934,-1
near 5.913833,-6.681188,0.000000,137.654449,-1
a4.503063,-5.568550,5.872438,-6.645290,1.327581,140.494110,19
near 5.850767,-6.627422,0.000000,141.262573,-1
near 5.598953,-6.425980,0.000000,141.605942,-1
a3.879170,-5.140997,5.573701,-6.405970,1.225583,142.032623,20
a3.754563,-4.291884,5.177376,-6.102395,-14.029786,142.191986,21
Entre far num sp follow 21 e index 18  
next wp 3.879170,-5.140997,5.057510,-6.007366,0.000000,140.934692,19
Rcalc 5.057510,-6.007366,0.000000 
Rcalc 4.942311,-5.920773,143.068085 
Rcalc 4.832380,-5.834265,141.799469 
Rcalc 4.727717,-5.747844,140.452789 
Rcalc 4.628324,-5.661509,139.021530 
Rcalc 4.534198,-5.575260,137.500183 
Rcalc 4.445342,-5.489098,135.881592 
Rcalc 4.361754,-5.403021,134.159180 
Rcalc 4.283435,-5.317032,132.327072 
Rcalc 4.210385,-5.231129,130.376556 
Rcalc 4.142603,-5.145311,128.302811 
Rcalc 4.080090,-5.059580,126.098434 
Rcalc 4.022846,-4.973935,123.758034 
Rcalc 3.970870,-4.888377,121.277924 
Rcalc 3.924163,-4.802905,118.654831 
Rcalc 3.882725,-4.717519,115.887222 
Rcalc 3.846555,-4.632219,112.978012 
Rcalc 3.815654,-4.547006,109.931999 
Rcalc 3.790022,-4.461879,106.757011 
Rcalc 3.769658,-4.376838,103.466385 
Entre near 
near 5.028978,-5.984208,0.000000,140.508224,19
Entre far num sp follow 21 e index 18  
next wp 3.879170,-5.140997,4.999697,-5.960077,0.000000,140.508224,19
Rcalc 4.999697,-5.960077,0.000000 
Rcalc 4.890134,-5.878095,143.193253 
Rcalc 4.785551,-5.795961,141.855453 
Rcalc 4.685947,-5.713678,140.439545 
Rcalc 4.591323,-5.631244,138.938080 
Rcalc 4.501678,-5.548660,137.347382 
Rcalc 4.417014,-5.465927,135.660645 
Rcalc 4.337328,-5.383042,133.872345 
Rcalc 4.262623,-5.300008,131.977173 
Rcalc 4.192897,-5.216824,129.969818 
Rcalc 4.128150,-5.133489,127.845238 
Rcalc 4.068383,-5.050004,125.598633 
Rcalc 4.013596,-4.966369,123.227386 
Rcalc 3.963788,-4.882585,120.730019 
Rcalc 3.918959,-4.798648,118.105629 
Rcalc 3.879111,-4.714563,115.356125 
Rcalc 3.844243,-4.630328,112.486473 
Rcalc 3.814353,-4.545942,109.503815 
Rcalc 3.789444,-4.461407,106.418121 
Rcalc 3.769513,-4.376720,103.243195 
Entre near 
Entre far num sp follow 21 e index 18  
next wp 3.879170,-5.140997,4.850580,-5.833445,0.000000,138.632782,19
Rcalc 4.850580,-5.833445,0.000000 
Rcalc 4.755556,-5.763808,143.764648 
Rcalc 4.664766,-5.693388,142.201233 
Rcalc 4.578210,-5.622186,140.558395 
Rcalc 4.495888,-5.550199,138.831390 
Rcalc 4.417800,-5.477429,137.018677 
Rcalc 4.343946,-5.403876,135.116638 
Rcalc 4.274326,-5.329539,133.123032 
Rcalc 4.208941,-5.254420,131.036789 
Rcalc 4.147789,-5.178517,128.856491 
Rcalc 4.090870,-5.101830,126.583466 
Rcalc 4.038187,-5.024361,124.217613 
Rcalc 3.989737,-4.946108,121.762939 
Rcalc 3.945522,-4.867072,119.224068 
Rcalc 3.905539,-4.787251,116.606255 
Rcalc 3.869792,-4.706649,113.917175 
Rcalc 3.838278,-4.625262,111.166641 
Rcalc 3.810998,-4.543092,108.365387 
Rcalc 3.787952,-4.460140,105.526054 
Rcalc 3.769140,-4.376403,102.661720 
a3.086967,-3.872792,4.793114,-5.782294,-6.245812,138.026413,22
wp 3.879170,-5.140997,4.793114,-5.782294,0.000000,138.026413,19
wp 3.879170,-5.140997,4.731404,-5.725676,0.000000,137.676956,19
wp 3.879170,-5.140997,4.702203,-5.699164,0.000000,137.812622,19
wp 3.879170,-5.140997,4.676660,-5.676013,0.000000,139.028076,19
a2.578729,-3.120987,4.676660,-5.676013,-9.638969,139.028076,23
wp 3.879170,-5.140997,4.676660,-5.676013,0.000000,139.028076,19
wp 3.879170,-5.140997,4.577639,-5.588325,0.000000,136.758713,19
wp 3.879170,-5.140997,4.544240,-5.556899,0.000000,136.690857,19
wp 3.879170,-5.140997,4.495867,-5.511451,0.000000,137.031235,19
a2.252706,-2.431025,4.461586,-5.479259,-10.416800,136.345184,24
wp 3.879170,-5.140997,4.461586,-5.479259,0.000000,135.952209,19
wp 3.879170,-5.140997,4.422423,-5.440790,0.000000,134.603012,19
wp 3.879170,-5.140997,4.367906,-5.385239,0.000000,133.854767,19
lost 
wp 3.879170,-5.140997,4.344106,-5.360457,0.000000,133.474167,19
wp 3.879170,-5.140997,4.310453,-5.324964,0.000000,133.053818,19
wp 3.879170,-5.140997,4.310453,-5.324964,0.000000,133.053818,19
wp 3.879170,-5.140997,4.236935,-5.243784,0.000000,129.210648,19
wp 3.879170,-5.140997,4.236935,-5.243784,0.000000,129.210648,19
lost 
wp 3.879170,-5.140997,4.236935,-5.243784,0.000000,129.210648,19
lost 
wp 3.879170,-5.140997,4.236935,-5.243784,0.000000,129.210648,19
wp 3.879170,-5.140997,4.103654,-5.077771,0.000000,125.481232,19
lost 
wp 3.879170,-5.140997,4.046558,-4.994699,0.000000,127.951385,19
lost 
wp 3.879170,-5.140997,4.005786,-4.941640,0.000000,127.412460,19
lost 
wp 3.879170,-5.140997,3.979118,-4.902322,0.000000,122.345749,19
wp 3.879170,-5.140997,3.946641,-4.851040,0.000000,119.809769,19
lost 
wp 3.879170,-5.140997,3.914434,-4.792845,0.000000,116.991989,19
lost 
next wp 3.754563,-4.291884,3.886069,-4.737158,0.000000,114.943329,20
Rcalc 3.886069,-4.737158,0.000000 
Rcalc 3.871578,-4.692696,108.051430 
Rcalc 3.854407,-4.648365,111.173119 
Rcalc 3.834555,-4.604165,114.186447 
Rcalc 3.812023,-4.560096,117.079735 
Rcalc 3.786810,-4.516157,119.847916 
Rcalc 3.758917,-4.472350,122.485672 
Rcalc 3.728344,-4.428673,124.991348 
Rcalc 3.695090,-4.385128,127.367050 
Rcalc 3.659155,-4.341713,129.614578 
Rcalc 3.620540,-4.298429,131.737350 
Rcalc 3.579245,-4.255277,133.739456 
Rcalc 3.535269,-4.212255,135.627731 
Rcalc 3.488613,-4.169364,137.407501 
Rcalc 3.439276,-4.126603,139.083984 
Rcalc 3.387259,-4.083975,140.664932 
Rcalc 3.332562,-4.041476,142.152924 
Rcalc 3.275184,-3.999108,143.557816 
Rcalc 3.215125,-3.956872,144.882828 
Rcalc 3.152386,-3.914767,146.133286 
wp 3.754563,-4.291884,3.879625,-4.723301,0.000000,114.337166,20
lost 
wp 3.754563,-4.291884,3.859778,-4.679042,0.000000,113.501007,20
wp 3.754563,-4.291884,3.839306,-4.631963,0.000000,113.648079,20
wp 3.754563,-4.291884,3.809290,-4.565113,0.000000,116.092903,20
wp 3.754563,-4.291884,3.809290,-4.565113,0.000000,116.092903,20
wp 3.754563,-4.291884,3.771893,-4.488753,0.000000,119.324097,20
wp 3.754563,-4.291884,3.726871,-4.408604,0.000000,122.826843,20
wp 3.754563,-4.291884,3.685200,-4.344011,0.000000,122.826843,20
wp 3.754563,-4.291884,3.685200,-4.344011,0.000000,126.363914,20
wp 3.754563,-4.291884,3.624442,-4.264860,0.000000,131.868088,20
wp 3.754563,-4.291884,3.587972,-4.225070,0.000000,133.696259,20
lost 
wp 3.754563,-4.291884,3.554608,-4.190478,0.000000,134.551163,20
wp 3.754563,-4.291884,3.499019,-4.134012,0.000000,134.551163,20
lost 
next wp 3.086967,-3.872792,3.487790,-4.123501,0.000000,136.891357,21
Rcalc 3.487790,-4.123501,0.000000 
Rcalc 3.447439,-4.097177,146.880219 
Rcalc 3.406551,-4.068348,144.812851 
Rcalc 3.365126,-4.037014,142.895493 
Rcalc 3.323164,-4.003173,141.115234 
Rcalc 3.280665,-3.966828,139.462402 
Rcalc 3.237628,-3.927977,137.925812 
Rcalc 3.194056,-3.886620,136.494217 
Rcalc 3.149945,-3.842759,135.161957 
Rcalc 3.105298,-3.796391,133.916779 
Rcalc 3.060113,-3.747518,132.753922 
Rcalc 3.014391,-3.696139,131.665604 
Rcalc 2.968133,-3.642256,130.645432 
Rcalc 2.921337,-3.585866,129.687744 
Rcalc 2.874004,-3.526971,128.787918 
Rcalc 2.826134,-3.465571,127.941147 
Rcalc 2.777727,-3.401665,127.142677 
Rcalc 2.728784,-3.335254,126.389168 
Rcalc 2.679303,-3.266337,125.677414 
Rcalc 2.629284,-3.194915,125.003754 
wp 3.086967,-3.872792,3.452908,-4.091757,0.000000,139.187256,21
lost 
wp 3.086967,-3.872792,3.452908,-4.091757,0.000000,139.187256,21
wp 3.086967,-3.872792,3.452908,-4.091757,0.000000,139.187256,21
wp 3.086967,-3.872792,3.329662,-3.985796,0.000000,140.549240,21
wp 3.086967,-3.872792,3.306545,-3.966849,0.000000,140.912476,21
wp 3.086967,-3.872792,3.306545,-3.966849,0.000000,140.912476,21
wp 3.086967,-3.872792,3.229141,-3.902548,0.000000,136.169617,21
wp 3.086967,-3.872792,3.229141,-3.902548,0.000000,136.169617,21
wp 3.086967,-3.872792,3.229141,-3.902548,0.000000,136.169617,21
wp 3.086967,-3.872792,3.072793,-3.752239,0.000000,135.376053,21
wp 3.086967,-3.872792,3.051285,-3.730970,0.000000,135.061752,21
wp 3.086967,-3.872792,3.019114,-3.698473,0.000000,133.735931,21
wp 3.086967,-3.872792,2.976312,-3.652574,0.000000,131.306595,21
wp 3.086967,-3.872792,2.964740,-3.639405,0.000000,130.937988,21
wp 3.086967,-3.872792,2.926002,-3.594746,0.000000,130.391647,21
wp 3.086967,-3.872792,2.868120,-3.526715,0.000000,129.149475,21
next wp 2.578729,-3.120987,2.858167,-3.514489,0.000000,129.149475,22
Rcalc 2.858167,-3.514489,0.000000 
Rcalc 2.830106,-3.474397,124.988029 
Rcalc 2.801813,-3.432824,124.237366 
Rcalc 2.773287,-3.389768,123.525543 
Rcalc 2.744528,-3.345230,122.850639 
Rcalc 2.715536,-3.299209,122.209984 
Rcalc 2.686311,-3.251706,121.600243 
Rcalc 2.656854,-3.202721,121.020782 
Rcalc 2.627163,-3.152254,120.468628 
Rcalc 2.597239,-3.100304,119.942108 
Rcalc 2.567083,-3.046872,119.439781 
Rcalc 2.536693,-2.991958,118.959763 
Rcalc 2.506071,-2.935561,118.501236 
Rcalc 2.475215,-2.877682,118.061729 
Rcalc 2.444127,-2.818321,117.641251 
Rcalc 2.412806,-2.757477,117.238258 
Rcalc 2.381252,-2.695151,116.851868 
Rcalc 2.349465,-2.631343,116.480629 
Rcalc 2.317445,-2.566053,116.124069 
Rcalc 2.285192,-2.499279,115.781136 
wp 2.578729,-3.120987,2.848432,-3.502406,0.000000,128.498154,22
wp 2.578729,-3.120987,2.848432,-3.502406,0.000000,128.498154,22
wp 2.578729,-3.120987,2.770429,-3.402289,0.000000,123.910965,22
wp 2.578729,-3.120987,2.745187,-3.363403,0.000000,122.074791,22
wp 2.578729,-3.120987,2.736806,-3.350031,0.000000,121.745125,22
wp 2.578729,-3.120987,2.693699,-3.280357,0.000000,122.587685,22
wp 2.578729,-3.120987,2.693699,-3.280357,0.000000,122.587685,22
wp 2.578729,-3.120987,2.641999,-3.199671,0.000000,122.746277,22
wp 2.578729,-3.120987,2.599374,-3.132359,0.000000,120.739006,22
wp 2.578729,-3.120987,2.591038,-3.118165,0.000000,119.975662,22
wp 2.578729,-3.120987,2.576686,-3.093283,0.000000,119.646515,22
wp 2.578729,-3.120987,2.526249,-3.004666,0.000000,119.646515,22
wp 2.578729,-3.120987,2.526249,-3.004666,0.000000,119.646515,22
wp 2.578729,-3.120987,2.473457,-2.911441,0.000000,119.182228,22
wp 2.578729,-3.120987,2.455040,-2.878466,0.000000,119.126740,22
next wp 2.252706,-2.431025,2.438571,-2.848910,0.000000,118.147652,23
llegue a fin con index 23 ang 118.147652 
wp 2.252706,-2.431025,2.421261,-2.816224,0.000000,117.384453,23
wp 2.252706,-2.431025,2.418484,-2.810863,0.000000,117.496758,23
wp 2.252706,-2.431025,2.419505,-2.812825,0.000000,117.876938,23
wp 2.252706,-2.431025,2.419505,-2.812825,0.000000,117.876938,23
wp 2.252706,-2.431025,2.419505,-2.812825,0.000000,117.876938,23
wp 2.252706,-2.431025,2.419505,-2.812825,0.000000,117.876938,23
entre caso 1 ang 118.147652 
wp 2.252706,-2.431025,2.419505,-2.812825,0.000000,117.876938,23
wp 2.252706,-2.431025,2.419505,-2.812825,0.000000,117.876938,23
wp 2.252706,-2.431025,2.419505,-2.812825,0.000000,117.876938,23
wp 2.252706,-2.431025,2.419505,-2.812825,0.000000,117.876938,23
wp 2.252706,-2.431025,2.419505,-2.812825,0.000000,117.876938,23
wp 2.252706,-2.431025,2.419505,-2.812825,0.000000,117.876938,23
wp 2.252706,-2.431025,2.419505,-2.812825,0.000000,117.876938,23
wp 2.252706,-2.431025,2.419505,-2.812825,0.000000,117.876938,23
wp 2.252706,-2.431025,2.419505,-2.812825,0.000000,117.876938,23
wp 2.252706,-2.431025,2.419505,-2.812825,0.000000,117.876938,23
wp 2.252706,-2.431025,2.419505,-2.812825,0.000000,117.876938,23
wp 2.252706,-2.431025,2.419505,-2.812825,0.000000,117.876938,23
wp 2.252706,-2.431025,2.419505,-2.812825,0.000000,117.876938,23
wp 2.252706,-2.431025,2.419505,-2.812825,0.000000,117.876938,23
wp 2.252706,-2.431025,2.419505,-2.812825,0.000000,117.876938,23
wp 2.252706,-2.431025,2.419505,-2.812825,0.000000,117.876938,23
wp 2.252706,-2.431025,2.419505,-2.812825,0.000000,117.876938,23
wp 2.252706,-2.431025,2.419505,-2.812825,0.000000,117.876938,23
entre caso 2 ang 163.147644 
deteccion 2.388525,0.484171,11.459177,243.710373
deteccion camara 2.388525,0.484171,11.459177,243.710373
Entre near 
a0.876785,-0.928072,2.419505,-2.812825,11.423992,117.876938,1
near 2.419709,-2.813211,0.000000,119.127174,-1
Entre near 
lost 
lost and nearlost 
lost 
lost 
lost 
deteccion 1.901459,-0.413536,-12.269576,194.590836
deteccion camara 1.901459,-0.413536,-12.269576,194.590836
near 1.989659,-2.379601,0.000000,129.968124,-1
a0.912298,-1.726483,1.755355,-2.106464,20.485598,135.252075,1
near 1.754405,-2.106280,0.000000,154.001572,-1
a1.195639,-2.505182,1.752976,-2.105583,45.391823,170.247375,2
near 1.750624,-2.105179,0.000000,175.489609,-1
near 1.746511,-2.105072,0.000000,-158.355682,-1
a1.613036,-3.202863,1.746183,-2.105285,49.755222,-146.671707,3
near 1.745986,-2.105414,0.000000,-144.404022,-1
near 1.735014,-2.114248,0.000000,-125.168549,-1
near 1.735014,-2.114248,0.000000,-125.168549,-1
near 1.723021,-2.132199,0.000000,-110.816376,-1
a2.352956,-3.419955,1.717810,-2.155757,32.082634,-95.407066,4
near 1.717810,-2.155757,0.000000,-95.407066,-1
near 1.712559,-2.211229,0.000000,-87.884552,-1
a3.008960,-3.806816,1.748987,-2.464137,28.049719,-74.869728,5
near 1.799806,-2.619518,0.000000,-66.888809,-1
near 1.860743,-2.762308,0.000000,-66.888809,-1
a3.331185,-4.675050,2.039303,-3.096421,7.665282,-58.369751,6
near 2.101954,-3.195287,0.000000,-55.070160,-1
near 2.225625,-3.368055,0.000000,-53.026699,-1
a4.015686,-5.209296,2.375826,-3.560004,5.367915,-50.532104,7
Entre far num sp follow 7 e index 4  
next wp 3.331185,-4.675050,2.471834,-3.678567,0.000000,-50.982948,5
Rcalc 2.471834,-3.678567,0.000000 
Rcalc 2.557333,-3.777060,-49.039749 
Rcalc 2.641956,-3.873241,-48.657578 
Rcalc 2.725706,-3.967112,-48.261093 
Rcalc 2.808581,-4.058671,-47.849834 
Rcalc 2.890582,-4.147919,-47.423031 
Rcalc 2.971708,-4.234856,-46.980003 
Rcalc 3.051961,-4.319481,-46.519196 
Rcalc 3.131339,-4.401796,-46.040279 
Rcalc 3.209843,-4.481799,-45.541782 
Rcalc 3.287473,-4.559491,-45.022938 
Rcalc 3.364228,-4.634871,-44.481998 
Rcalc 3.440109,-4.707942,-43.918758 
Rcalc 3.515117,-4.778700,-43.330193 
Rcalc 3.589249,-4.847147,-42.716545 
Rcalc 3.662508,-4.913282,-42.074551 
Rcalc 3.734892,-4.977108,-41.404449 
Rcalc 3.806402,-5.038622,-40.702454 
Rcalc 3.877038,-5.097825,-39.967617 
Rcalc 3.946799,-5.154716,-39.197662 
wp 3.331185,-4.675050,2.496307,-3.708771,0.000000,-50.982948,5
wp 3.331185,-4.675050,2.522119,-3.740371,0.000000,-50.191917,5
wp 3.331185,-4.675050,2.590302,-3.822184,0.000000,-50.893291,5
wp 3.331185,-4.675050,2.618529,-3.856909,0.000000,-50.893291,5
a4.203271,-6.030740,2.628536,-3.869357,-2.676142,-51.247509,8
wp 3.331185,-4.675050,2.628536,-3.869357,0.000000,-51.247509,5
wp 3.331185,-4.675050,2.628536,-3.869357,0.000000,-51.247509,5
a4.299823,-6.784470,2.695320,-3.952561,-11.180216,-49.284630,9
wp 3.331185,-4.675050,2.727906,-3.990011,0.000000,-47.526848,5
wp 3.331185,-4.675050,2.738600,-4.001693,0.000000,-47.392078,5
wp 3.331185,-4.675050,2.738600,-4.001693,0.000000,-47.392078,5
a4.829585,-7.366699,2.829880,-4.100931,-7.340729,-51.179043,10
wp 3.331185,-4.675050,2.829880,-4.100931,0.000000,-51.179043,5
wp 3.331185,-4.675050,2.829880,-4.100931,0.000000,-51.179043,5
a4.572426,-8.126273,2.953697,-4.254814,-16.130075,-51.179043,11
wp 3.331185,-4.675050,2.953697,-4.254814,0.000000,-43.886185,5
a5.217947,-7.566549,2.953697,-4.254814,-11.753062,-43.886185,12
wp 3.331185,-4.675050,2.976768,-4.276750,0.000000,-42.912758,5
lost 
wp 3.331185,-4.675050,3.070004,-4.367602,0.000000,-46.112782,5
wp 3.331185,-4.675050,3.125928,-4.425742,0.000000,-45.291607,5
lost 
wp 3.331185,-4.675050,3.187585,-4.487096,0.000000,-44.798977,5
lost 
wp 3.331185,-4.675050,3.256484,-4.556724,0.000000,-44.839935,5
lost 
wp 3.331185,-4.675050,3.325664,-4.623633,0.000000,-43.244869,5
wp 3.331185,-4.675050,3.389482,-4.684695,0.000000,-44.682434,5
lost 
wp 3.331185,-4.675050,3.455940,-4.750080,0.000000,-43.395397,5
lost 
wp 3.331185,-4.675050,3.479390,-4.772120,0.000000,-42.669022,5
lost 
wp 3.331185,-4.675050,3.572970,-4.858085,0.000000,-46.396030,5
wp 3.331185,-4.675050,3.572970,-4.858085,0.000000,-46.396030,5
lost 
next wp 4.015686,-5.209296,3.671552,-4.961593,0.000000,-41.932312,6
Rcalc 3.671552,-4.961593,0.000000 
Rcalc 3.705574,-4.987797,-37.604385 
Rcalc 3.738814,-5.016871,-41.175354 
Rcalc 3.771270,-5.048813,-44.542149 
Rcalc 3.802944,-5.083623,-47.701012 
Rcalc 3.833835,-5.121303,-50.654156 
Rcalc 3.863944,-5.161851,-53.404354 
Rcalc 3.893269,-5.205268,-55.963707 
Rcalc 3.921811,-5.251554,-58.338894 
Rcalc 3.949572,-5.300708,-60.544167 
Rcalc 3.976549,-5.352731,-62.590149 
Rcalc 4.002743,-5.407623,-64.489494 
Rcalc 4.028155,-5.465384,-66.252365 
Rcalc 4.052784,-5.526012,-67.891502 
Rcalc 4.076631,-5.589510,-69.416451 
Rcalc 4.099694,-5.655877,-70.836670 
Rcalc 4.121975,-5.725112,-72.160973 
Rcalc 4.143474,-5.797215,-73.397133 
Rcalc 4.164188,-5.872189,-74.554657 
Rcalc 4.184121,-5.950030,-75.636772 
wp 4.015686,-5.209296,3.708704,-4.994581,0.000000,-40.335022,6
lost 
wp 4.015686,-5.209296,3.731612,-5.014009,0.000000,-40.402248,6
lost 
wp 4.015686,-5.209296,3.845975,-5.116804,0.000000,-49.482269,6
lost 
wp 4.015686,-5.209296,3.885984,-5.165431,0.000000,-52.863567,6
wp 4.015686,-5.209296,3.961679,-5.270662,0.000000,-58.333015,6
lost 
wp 4.015686,-5.209296,4.004717,-5.343883,0.000000,-61.673508,6
lost 
wp 4.015686,-5.209296,4.022141,-5.376730,0.000000,-63.078537,6
lost 
wp 4.015686,-5.209296,4.077699,-5.489370,0.000000,-66.577019,6
wp 4.015686,-5.209296,4.104364,-5.550920,0.000000,-68.609535,6
next wp 4.203271,-6.030740,4.110336,-5.566169,0.000000,-68.609535,7
Rcalc 4.110336,-5.566169,0.000000 
Rcalc 4.119639,-5.613349,-78.845757 
Rcalc 4.128960,-5.661975,-79.148849 
Rcalc 4.138298,-5.712046,-79.435410 
Rcalc 4.147655,-5.763564,-79.705559 
Rcalc 4.157030,-5.816526,-79.962204 
Rcalc 4.166423,-5.870935,-80.204781 
Rcalc 4.175834,-5.926790,-80.435989 
Rcalc 4.185263,-5.984091,-80.655365 
Rcalc 4.194710,-6.042838,-80.864342 
Rcalc 4.204175,-6.103030,-81.063148 
Rcalc 4.213658,-6.164668,-81.253113 
Rcalc 4.223160,-6.227752,-81.434547 
Rcalc 4.232680,-6.292282,-81.607536 
Rcalc 4.242217,-6.358256,-81.774124 
Rcalc 4.251773,-6.425677,-81.932861 
Rcalc 4.261347,-6.494545,-82.085258 
Rcalc 4.270939,-6.564858,-82.231552 
Rcalc 4.280549,-6.636616,-82.371895 
Rcalc 4.290176,-6.709819,-82.507523 
lost 
wp 4.203271,-6.030740,4.110336,-5.566169,0.000000,-68.901344,7
lost 
wp 4.203271,-6.030740,4.150697,-5.681498,0.000000,-74.615059,7
lost 
wp 4.203271,-6.030740,4.158266,-5.711932,0.000000,-76.983131,7
wp 4.203271,-6.030740,4.158266,-5.711932,0.000000,-76.983131,7
lost 
wp 4.203271,-6.030740,4.192043,-5.861526,0.000000,-78.175613,7
lost 
wp 4.203271,-6.030740,4.198137,-5.892067,0.000000,-79.501732,7
lost 
wp 4.203271,-6.030740,4.209807,-5.955978,0.000000,-80.166885,7
lost 
wp 4.203271,-6.030740,4.223410,-6.034164,0.000000,-80.217232,7
wp 4.203271,-6.030740,4.223410,-6.034164,0.000000,-80.217232,7
lost 
wp 4.203271,-6.030740,4.242483,-6.151360,0.000000,-81.669319,7
lost 
wp 4.203271,-6.030740,4.250031,-6.203628,0.000000,-81.781677,7
lost 
wp 4.203271,-6.030740,4.256928,-6.251646,0.000000,-81.758614,7
next wp 4.299823,-6.784470,4.265715,-6.312313,0.000000,-81.758614,8
Rcalc 4.265715,-6.312313,0.000000 
Rcalc 4.270365,-6.359804,-84.407478 
Rcalc 4.277493,-6.407845,-81.559998 
Rcalc 4.287099,-6.456437,-78.817421 
Rcalc 4.299184,-6.505579,-76.183823 
Rcalc 4.313746,-6.555270,-73.666115 
Rcalc 4.330789,-6.605514,-71.263298 
Rcalc 4.350308,-6.656306,-68.978371 
Rcalc 4.372305,-6.707650,-66.807930 
Rcalc 4.396782,-6.759544,-64.748367 
Rcalc 4.423736,-6.811988,-62.798233 
Rcalc 4.453169,-6.864983,-60.952480 
Rcalc 4.485080,-6.918528,-59.206444 
Rcalc 4.519469,-6.972623,-57.555252 
Rcalc 4.556336,-7.027267,-55.993107 
Rcalc 4.595682,-7.082464,-54.517342 
Rcalc 4.637506,-7.138210,-53.120804 
Rcalc 4.681808,-7.194508,-51.799343 
Rcalc 4.728589,-7.251354,-50.548012 
Rcalc 4.777847,-7.308750,-49.363091 
wp 4.299823,-6.784470,4.268087,-6.327335,0.000000,-81.026901,8
lost 
wp 4.299823,-6.784470,4.268087,-6.327335,0.000000,-81.026901,8
lost 
wp 4.299823,-6.784470,4.268087,-6.327335,0.000000,-81.026901,8
lost 
wp 4.299823,-6.784470,4.297417,-6.516035,0.000000,-82.664062,8
wp 4.299823,-6.784470,4.297417,-6.516035,0.000000,-82.664062,8
lost 
wp 4.299823,-6.784470,4.297417,-6.516035,0.000000,-82.664062,8
lost 
wp 4.299823,-6.784470,4.313749,-6.642898,0.000000,-67.620895,8
lost 
wp 4.299823,-6.784470,4.336539,-6.698250,0.000000,-66.079453,8
lost 
wp 4.299823,-6.784470,4.360560,-6.752403,0.000000,-66.354668,8
wp 4.299823,-6.784470,4.360560,-6.752403,0.000000,-66.354668,8
lost 
wp 4.299823,-6.784470,4.360560,-6.752403,0.000000,-66.354668,8
lost 
wp 4.299823,-6.784470,4.430642,-6.905151,0.000000,-61.116161,8
lost 
wp 4.299823,-6.784470,4.444735,-6.930240,0.000000,-59.691643,8
wp 4.299823,-6.784470,4.452054,-6.942761,0.000000,-59.220020,8
lost 
next wp 4.829585,-7.366699,4.502791,-7.027170,0.000000,-57.504345,9
Rcalc 4.502791,-7.027170,0.000000 
Rcalc 4.534010,-7.062173,-48.269985 
Rcalc 4.562310,-7.099276,-52.666389 
Rcalc 4.587690,-7.138479,-57.080353 
Rcalc 4.610150,-7.179783,-61.463787 
Rcalc 4.629691,-7.223187,-65.762573 
Rcalc 4.646312,-7.268691,-69.934296 
Rcalc 4.660012,-7.316296,-73.944122 
Rcalc 4.670794,-7.366000,-77.761520 
Rcalc 4.678655,-7.417805,-81.371300 
Rcalc 4.683597,-7.471710,-84.761642 
Rcalc 4.685618,-7.527716,-87.932327 
Rcalc 4.684721,-7.585821,-90.885086 
Rcalc 4.680903,-7.646027,-93.627502 
Rcalc 4.674165,-7.708333,-96.172188 
Rcalc 4.664509,-7.772739,-98.526596 
Rcalc 4.651932,-7.839245,-100.708534 
Rcalc 4.636435,-7.907852,-102.728058 
Rcalc 4.618019,-7.978559,-104.598640 
Rcalc 4.596682,-8.051365,-106.333893 
wp 4.829585,-7.366699,4.502791,-7.027170,0.000000,-57.504345,9
lost 
wp 4.829585,-7.366699,4.557215,-7.107778,0.000000,-51.713287,9
lost 
wp 4.829585,-7.366699,4.567155,-7.120370,0.000000,-51.871769,9
wp 4.829585,-7.366699,4.629232,-7.206859,0.000000,-61.206501,9
lost 
wp 4.829585,-7.366699,4.652918,-7.249954,0.000000,-66.700661,9
lost 
wp 4.829585,-7.366699,4.674351,-7.302532,0.000000,-71.172752,9
lost 
wp 4.829585,-7.366699,4.689329,-7.348583,0.000000,-72.609451,9
lost 
wp 4.829585,-7.366699,4.689329,-7.348583,0.000000,-73.282913,9
wp 4.829585,-7.366699,4.711088,-7.424782,0.000000,-78.411896,9
lost 
wp 4.829585,-7.366699,4.721479,-7.485520,0.000000,-82.312767,9
wp 4.829585,-7.366699,4.726196,-7.532541,0.000000,-85.051292,9
lost 
wp 4.829585,-7.366699,4.728455,-7.566124,0.000000,-87.333588,9
wp 4.829585,-7.366699,4.730404,-7.607985,0.000000,-89.561340,9
lost 
wp 4.829585,-7.366699,4.730002,-7.684432,0.000000,-93.979324,9
next wp 4.572426,-8.126273,4.730002,-7.684432,0.000000,-93.979324,10
Rcalc 4.730002,-7.684432,0.000000 
Rcalc 4.716252,-7.726112,-108.256744 
Rcalc 4.706518,-7.762785,-104.865730 
Rcalc 4.700799,-7.794450,-100.237091 
Rcalc 4.699096,-7.821106,-93.655869 
Rcalc 4.701407,-7.842755,-83.904755 
Rcalc 4.707735,-7.859396,-69.181572 
Rcalc 4.718079,-7.871029,-48.356438 
Rcalc 4.732437,-7.877655,-24.770617 
Rcalc 4.750811,-7.879272,-5.032155 
Rcalc 4.773200,-7.875881,8.613133 
Rcalc 4.799605,-7.867484,17.641968 
Rcalc 4.830026,-7.854078,23.781605 
Rcalc 4.864462,-7.835665,28.133989 
Rcalc 4.902913,-7.812243,31.347277 
Rcalc 4.945380,-7.783812,33.801041 
Rcalc 4.991863,-7.750376,35.728233 
Rcalc 5.042361,-7.711932,37.281864 
Rcalc 5.096874,-7.668478,38.559155 
Rcalc 5.155403,-7.620018,39.624054 
lost 
wp 4.572426,-8.126273,4.725870,-7.734158,0.000000,-96.040878,10
lost 
wp 4.572426,-8.126273,4.725870,-7.734158,0.000000,-96.040878,10
wp 4.572426,-8.126273,4.725870,-7.734158,0.000000,-96.040878,10
lost 
wp 4.572426,-8.126273,4.725870,-7.734158,0.000000,-96.040878,10
lost 
Rcalc 4.704695,-7.934241,0.000000 
Rcalc 4.758322,-7.899311,33.078568 
Rcalc 4.816553,-7.868061,28.220835 
Rcalc 4.879387,-7.840489,23.691813 
Rcalc 4.946824,-7.816596,19.509108 
Rcalc 5.018865,-7.796382,15.673616 
Rcalc 5.095510,-7.779847,12.174041 
Rcalc 5.176757,-7.766992,8.991133 
Rcalc 5.262609,-7.757814,6.101544 
Rcalc 5.353064,-7.752316,3.478498 
Rcalc 5.448122,-7.750497,1.096333 
Rcalc 5.547784,-7.752357,-1.068999 
Rcalc 5.652049,-7.757896,-3.041152 
Rcalc 5.760919,-7.767114,-4.839551 
Rcalc 5.874391,-7.780009,-6.483577 
Rcalc 5.992466,-7.796585,-7.991132 
Rcalc 6.115146,-7.816840,-9.375209 
Rcalc 6.242429,-7.840774,-10.649332 
Rcalc 6.374315,-7.868387,-11.825056 
Rcalc 6.510805,-7.899678,-12.912196 
Rcalc 4.704695,-7.934241,0.000000 
Rcalc 4.8950