pobx,poby,px,py,ang,angr,num
0.000000,0.000000,0.000000,0.000000,0.000000,0.000000,-1
0.000000,0.000000,0.000000,0.000000,0.000000,0.000000,-1
0.000000,0.000000,0.000000,0.000000,0.000000,0.000000,-1
0.000000,0.000000,0.000000,0.000000,0.000000,0.000000,-1
0.000000,0.000000,0.000000,0.000000,0.000000,0.000000,-1
0.000000,0.000000,0.000000,0.000000,0.000000,0.000000,-1
0.000000,0.000000,0.000000,0.000000,0.000000,0.000000,-1
0.000000,0.000000,0.000000,0.000000,0.000000,0.000000,-1
0.000000,0.000000,0.000000,0.000000,0.000000,0.000000,-1
0.000000,0.000000,0.000000,0.000000,0.000000,0.000000,-1
0.000000,0.000000,0.000000,0.000000,0.000000,0.000000,-1
0.000000,0.000000,0.000000,0.000000,0.000000,0.000000,-1
0.000000,0.000000,0.000000,0.000000,0.000000,0.000000,-1
0.000000,0.000000,0.000000,0.000000,0.000000,0.000000,-1
0.000000,0.000000,0.000000,0.000000,0.000000,0.000000,-1
0.000000,0.000000,0.000000,0.000000,0.000000,0.000000,-1
0.000000,0.000000,0.000000,0.000000,0.000000,0.000000,-1
0.000000,0.000000,0.000000,0.000000,0.000000,0.000000,-1
0.000000,0.000000,0.000000,0.000000,0.000000,0.000000,-1
0.000000,0.000000,0.000000,0.000000,0.000000,0.000000,-1
0.000000,0.000000,0.000000,0.000000,0.000000,0.000000,-1
0.000000,0.000000,0.000000,0.000000,0.000000,0.000000,-1
0.000000,0.000000,0.000000,0.000000,0.000000,0.000000,-1
0.000000,0.000000,0.000000,0.000000,0.000000,0.000000,-1
0.000000,0.000000,0.000000,0.000000,0.000000,0.000000,-1
0.000000,0.000000,0.000000,0.000000,0.000000,0.000000,-1
0.000000,0.000000,0.000000,0.000000,0.000000,0.000000,-1
0.000000,0.000000,0.000000,0.000000,0.000000,0.000000,-1
0.000000,0.000000,0.000000,0.000000,0.000000,0.000000,-1
0.000000,0.000000,0.000000,0.000000,0.000000,0.000000,-1
0.000000,0.000000,0.000000,0.000000,0.000000,0.000000,-1
0.000000,0.000000,0.000000,0.000000,0.000000,0.000000,-1
0.000000,0.000000,0.000000,0.000000,0.000000,0.000000,-1
0.000000,0.000000,0.000000,0.000000,0.000000,0.000000,-1
0.000000,0.000000,0.000000,0.000000,0.000000,0.000000,-1
0.000000,0.000000,0.000000,0.000000,0.000000,0.000000,-1
0.000000,0.000000,0.000000,0.000000,0.000000,0.000000,-1
0.000000,0.000000,0.000000,0.000000,0.000000,0.000000,-1
0.000000,0.000000,0.000000,0.000000,0.000000,0.000000,-1
0.000000,0.000000,0.000000,0.000000,0.000000,0.000000,-1
0.000000,0.000000,0.000000,0.000000,0.000000,0.000000,-1
0.000000,0.000000,0.000000,0.000000,0.000000,0.000000,-1
0.000000,0.000000,0.000000,0.000000,0.000000,0.000000,-1
0.000000,0.000000,0.000000,0.000000,0.000000,0.000000,-1
0.000000,0.000000,0.000000,0.000000,0.000000,0.000000,-1
0.000000,0.000000,0.000000,0.000000,0.000000,0.000000,-1
0.000000,0.000000,0.000000,0.000000,0.000000,0.000000,-1
0.000000,0.000000,0.000000,0.000000,0.000000,0.000000,-1
0.000000,0.000000,0.000000,0.000000,0.000000,0.000000,-1
1.892789,-0.143136,0.000000,0.000000,-4.324573,0.000000,1
2.508675,-0.594815,0.989483,-0.230299,-1.547061,-11.945438,2
3.243253,-0.414991,1.398884,-0.311674,6.069414,-9.275621,3
3.551049,0.269126,2.054327,-0.368108,18.219910,4.842062,4
4.052376,1.011468,2.603497,-0.262381,19.161295,22.160412,5
4.421675,1.757864,3.243158,0.111209,20.791225,33.617195,6
4.275848,2.496350,3.563543,0.520666,12.324526,57.849251,7
4.530185,3.212043,3.879103,1.117898,4.393142,68.335899,8
4.685338,3.947997,4.123180,1.788823,3.141189,72.265221,9
4.999220,4.629407,4.360991,2.536659,-1.370645,74.410255,10
5.160127,5.367525,4.564497,3.227325,0.132348,74.315285,11
5.223423,6.128881,4.765264,3.924579,4.707313,73.550888,12
5.522610,6.946132,4.960321,4.708800,0.388341,75.504028,13
5.494621,7.842943,5.171436,5.600836,4.413338,77.384148,14
4.738745,7.857202,5.260076,6.077459,22.743721,83.582657,15
3.925911,7.312493,5.202498,6.814777,39.071712,119.628075,16
3.824600,6.545299,4.968740,7.060830,43.470081,160.785004,17
3.412055,5.909632,4.755353,7.087401,31.668140,-170.424347,18
3.131687,5.178256,4.115493,6.817684,25.295017,-146.262329,19
3.280709,4.436548,3.811103,6.429230,19.729065,-124.633728,20
3.572144,3.704138,3.569896,5.834951,12.944183,-102.883514,21
3.423594,2.961285,3.451403,5.106025,5.069131,-95.811783,22
3.377656,1.851357,3.396483,4.168234,-0.128639,-90.336731,23
3.217843,0.654799,3.379662,3.031777,-2.650633,-91.243713,24
3.423594,2.961285,3.379662,3.031777,0.000000,-89.849686,21
3.377656,1.851357,3.379662,3.031777,0.000000,-89.849686,22
3.377656,1.851357,3.379770,2.990753,0.000000,-90.105682,22
3.377656,1.851357,3.379770,2.990753,0.000000,-90.105682,22
3.377656,1.851357,3.379770,2.990753,0.000000,-90.105682,22
3.377656,1.851357,3.379770,2.990753,0.000000,-90.105682,22
3.377656,1.851357,3.379770,2.990753,0.000000,-90.105682,22
3.423594,2.961285,3.379770,2.990753,0.000000,-90.105682,21
3.423594,2.961285,3.379770,2.990753,0.000000,-90.105682,21
3.423594,2.961285,3.379770,2.990753,0.000000,-90.105682,21
3.423594,2.961285,3.379770,2.990753,0.000000,-90.105682,21
3.423594,2.961285,3.379770,2.990753,0.000000,-90.105682,21
3.423594,2.961285,3.379770,2.990753,0.000000,-90.105682,21
3.423594,2.961285,3.379770,2.990753,0.000000,-90.105682,21
3.423594,2.961285,3.379770,2.990753,0.000000,-90.105682,21
3.423594,2.961285,3.379770,2.990753,0.000000,-90.105682,21
3.423594,2.961285,3.379770,2.990753,0.000000,-90.105682,21
3.423594,2.961285,3.379770,2.990753,0.000000,-90.105682,21
3.423594,2.961285,3.379770,2.990753,0.000000,-90.105682,21
3.423594,2.961285,3.379770,2.990753,0.000000,-90.105682,21
3.423594,2.961285,3.379770,2.990753,0.000000,-90.105682,21
3.423594,2.961285,3.379770,2.990753,0.000000,-90.105682,21
3.423594,2.961285,3.379770,2.990753,0.000000,-90.105682,21
3.423594,2.961285,3.379770,2.990753,0.000000,-90.105682,21
3.423594,2.961285,3.379770,2.990753,0.000000,-90.105682,21
3.423594,2.961285,3.379770,2.990753,0.000000,-90.105682,21
3.423594,2.961285,3.379770,2.990753,0.000000,-90.105682,21
3.423594,2.961285,3.379770,2.990753,0.000000,-90.105682,21
3.423594,2.961285,3.379770,2.990753,0.000000,-90.105682,21
3.423594,2.961285,3.379770,2.990753,0.000000,-90.105682,21
3.423594,2.961285,3.379770,2.990753,0.000000,-90.105682,21
3.423594,2.961285,3.379770,2.990753,0.000000,-90.105682,21
3.423594,2.961285,3.379770,2.990753,0.000000,-90.105682,21
3.423594,2.961285,3.379770,2.990753,0.000000,-90.105682,21
3.423594,2.961285,3.379770,2.990753,0.000000,-90.105682,21
3.423594,2.961285,3.379770,2.990753,0.000000,-90.105682,21
3.423594,2.961285,3.379770,2.990753,0.000000,-90.105682,21
3.423594,2.961285,3.379770,2.990753,0.000000,-90.105682,21
3.423594,2.961285,3.379770,2.990753,0.000000,-90.105682,21
3.423594,2.961285,3.379770,2.990753,0.000000,-90.105682,21
3.423594,2.961285,3.379770,2.990753,0.000000,-90.105682,21
3.423594,2.961285,3.379770,2.990753,0.000000,-90.105682,21
3.423594,2.961285,3.379770,2.990753,0.000000,-90.105682,21
3.423594,2.961285,3.379770,2.990753,0.000000,-90.105682,21
3.423594,2.961285,3.379770,2.990753,0.000000,-90.105682,21
2.312542,0.386567,3.379279,2.725185,-13.255345,-101.264015,25
3.423594,2.961285,3.379279,2.725185,0.000000,-101.264015,21
3.423594,2.961285,3.379279,2.725185,0.000000,-101.264015,21
3.423594,2.961285,3.379279,2.725185,0.000000,-101.264015,21
3.423594,2.961285,3.379279,2.725185,0.000000,-101.264015,21
3.423594,2.961285,3.379279,2.725185,0.000000,-101.264015,21
3.423594,2.961285,3.379279,2.725185,0.000000,-101.264015,21
3.423594,2.961285,3.379279,2.725185,0.000000,-101.264015,21
3.423594,2.961285,3.379279,2.725185,0.000000,-101.264015,21
3.423594,2.961285,3.379279,2.725185,0.000000,-101.264015,21
3.423594,2.961285,3.379279,2.725185,0.000000,-101.264015,21
3.423594,2.961285,3.379279,2.725185,0.000000,-101.264015,21
3.423594,2.961285,3.379279,2.725185,0.000000,-101.264015,21
3.423594,2.961285,3.379279,2.725185,0.000000,-101.264015,21
3.423594,2.961285,3.379279,2.725185,0.000000,-101.264015,21
3.423594,2.961285,3.379279,2.725185,0.000000,-101.264015,21
3.423594,2.961285,3.379279,2.725185,0.000000,-101.264015,21
3.423594,2.961285,3.379279,2.725185,0.000000,-101.264015,21
3.423594,2.961285,3.379279,2.725185,0.000000,-101.264015,21
3.423594,2.961285,3.379279,2.725185,0.000000,-101.264015,21
3.423594,2.961285,3.379279,2.725185,0.000000,-101.264015,21
3.423594,2.961285,3.379279,2.725185,0.000000,-101.264015,21
3.423594,2.961285,3.379279,2.725185,0.000000,-101.264015,21
3.423594,2.961285,3.379279,2.725185,0.000000,-101.264015,21
3.423594,2.961285,3.379279,2.725185,0.000000,-101.264015,21
3.423594,2.961285,3.379279,2.725185,0.000000,-101.264015,21
3.423594,2.961285,3.379279,2.725185,0.000000,-101.264015,21
3.423594,2.961285,3.379279,2.725185,0.000000,-101.264015,21
3.423594,2.961285,3.379279,2.725185,0.000000,-101.264015,21
3.423594,2.961285,3.379279,2.725185,0.000000,-101.264015,21
3.423594,2.961285,3.379279,2.725185,0.000000,-101.264015,21
3.423594,2.961285,3.379279,2.725185,0.000000,-101.264015,21
3.423594,2.961285,3.379279,2.725185,0.000000,-101.264015,21
3.423594,2.961285,3.379279,2.725185,0.000000,-101.264015,21
3.423594,2.961285,3.379279,2.725185,0.000000,-101.264015,21
3.423594,2.961285,3.379279,2.725185,0.000000,-101.264015,21
3.423594,2.961285,3.379279,2.725185,0.000000,-101.264015,21
3.423594,2.961285,3.379279,2.725185,0.000000,-101.264015,21
3.423594,2.961285,3.379279,2.725185,0.000000,-101.264015,21
3.423594,2.961285,3.379279,2.725185,0.000000,-101.264015,21
3.423594,2.961285,3.379279,2.725185,0.000000,-101.264015,21
3.423594,2.961285,3.348585,2.571075,0.000000,-101.264015,21
2.905104,-0.095630,3.348585,2.571075,-11.283768,-88.158043,26
3.423594,2.961285,3.348585,2.571075,0.000000,-88.158043,21
3.423594,2.961285,3.348585,2.571075,0.000000,-88.158043,21
3.423594,2.961285,3.348585,2.571075,0.000000,-88.158043,21
3.423594,2.961285,3.348585,2.571075,0.000000,-88.158043,21
3.423594,2.961285,3.348585,2.571075,0.000000,-88.158043,21
3.423594,2.961285,3.349134,2.554001,0.000000,-87.035606,21
3.423594,2.961285,3.349134,2.554001,0.000000,-87.035606,21
3.423594,2.961285,3.349134,2.554001,0.000000,-87.035606,21
3.423594,2.961285,3.349134,2.554001,0.000000,-87.035606,21
3.423594,2.961285,3.349134,2.554001,0.000000,-87.035606,21
3.423594,2.961285,3.349134,2.554001,0.000000,-87.035606,21
3.423594,2.961285,3.350076,2.535808,0.000000,-86.146774,21
3.423594,2.961285,3.350076,2.535808,0.000000,-86.146774,21
3.423594,2.961285,3.350076,2.535808,0.000000,-86.146774,21
3.423594,2.961285,3.350076,2.535808,0.000000,-86.146774,21
3.423594,2.961285,3.350076,2.535808,0.000000,-86.146774,21
3.423594,2.961285,3.350076,2.535808,0.000000,-86.146774,21
3.423594,2.961285,3.351240,2.518519,0.000000,-86.146774,21
3.423594,2.961285,3.351240,2.518519,0.000000,-86.146774,21
3.423594,2.961285,3.351240,2.518519,0.000000,-86.056519,21
3.423594,2.961285,3.351240,2.518519,0.000000,-86.056519,21
3.423594,2.961285,3.351240,2.518519,0.000000,-86.056519,21
3.423594,2.961285,3.351240,2.518519,0.000000,-86.056519,21
3.423594,2.961285,3.351240,2.518519,0.000000,-86.056519,21
3.423594,2.961285,3.352485,2.500459,0.000000,-86.348366,21
3.423594,2.961285,3.352485,2.500459,0.000000,-86.348366,21
3.423594,2.961285,3.352485,2.500459,0.000000,-86.348366,21
3.423594,2.961285,3.352485,2.500459,0.000000,-86.348366,21
3.423594,2.961285,3.352485,2.500459,0.000000,-86.348366,21
3.423594,2.961285,3.352485,2.500459,0.000000,-86.348366,21
3.423594,2.961285,3.352485,2.500459,0.000000,-86.348366,21
3.423594,2.961285,3.352485,2.500459,0.000000,-86.348366,21
3.423594,2.961285,3.353633,2.482473,0.000000,-87.560577,21
3.423594,2.961285,3.353633,2.482473,0.000000,-87.560577,21
3.423594,2.961285,3.353633,2.482473,0.000000,-87.560577,21
3.423594,2.961285,3.353633,2.482473,0.000000,-87.560577,21
3.423594,2.961285,3.353633,2.482473,0.000000,-87.560577,21
3.423594,2.961285,3.353633,2.482473,0.000000,-87.560577,21
3.423594,2.961285,3.353633,2.482473,0.000000,-87.560577,21
3.423594,2.961285,3.353633,2.482473,0.000000,-87.560577,21
3.423594,2.961285,3.353633,2.482473,0.000000,-87.560577,21
3.423594,2.961285,3.353633,2.482473,0.000000,-87.560577,21
3.423594,2.961285,3.353633,2.482473,0.000000,-87.560577,21
3.423594,2.961285,3.353633,2.482473,0.000000,-87.560577,21
3.423594,2.961285,3.353633,2.482473,0.000000,-87.560577,21
3.423594,2.961285,3.353633,2.482473,0.000000,-87.560577,21
3.423594,2.961285,3.353633,2.482473,0.000000,-87.560577,21
3.423594,2.961285,3.353633,2.482473,0.000000,-87.560577,21
3.423594,2.961285,3.353633,2.482473,0.000000,-87.560577,21
3.423594,2.961285,3.353633,2.482473,0.000000,-87.560577,21
3.423594,2.961285,3.353633,2.482473,0.000000,-87.560577,21
3.423594,2.961285,3.353633,2.482473,0.000000,-87.560577,21
3.423594,2.961285,3.353633,2.482473,0.000000,-87.560577,21
3.423594,2.961285,3.353633,2.482473,0.000000,-87.560577,21
3.423594,2.961285,3.353633,2.482473,0.000000,-87.560577,21
3.423594,2.961285,3.353633,2.482473,0.000000,-87.560577,21
3.423594,2.961285,3.353633,2.482473,0.000000,-87.560577,21
3.423594,2.961285,3.353633,2.482473,0.000000,-87.560577,21
3.423594,2.961285,3.353633,2.482473,0.000000,-87.560577,21
3.423594,2.961285,3.353633,2.482473,0.000000,-87.560577,21
3.423594,2.961285,3.353633,2.482473,0.000000,-87.560577,21
3.423594,2.961285,3.353633,2.482473,0.000000,-87.560577,21
3.423594,2.961285,3.353633,2.482473,0.000000,-87.560577,21
3.423594,2.961285,3.353633,2.482473,0.000000,-87.560577,21
3.423594,2.961285,3.353633,2.482473,0.000000,-87.560577,21
3.423594,2.961285,3.353633,2.482473,0.000000,-87.560577,21
3.423594,2.961285,3.353633,2.482473,0.000000,-87.560577,21
3.423594,2.961285,3.353633,2.482473,0.000000,-87.560577,21
3.423594,2.961285,3.353633,2.482473,0.000000,-87.560577,21
3.423594,2.961285,3.353633,2.482473,0.000000,-87.560577,21
3.423594,2.961285,3.353633,2.482473,0.000000,-87.560577,21
3.423594,2.961285,3.353633,2.482473,0.000000,-87.560577,21
3.423594,2.961285,3.353633,2.482473,0.000000,-87.560577,21
3.423594,2.961285,3.353633,2.482473,0.000000,-87.560577,21
3.423594,2.961285,3.353633,2.482473,0.000000,-87.560577,21
3.423594,2.961285,3.353633,2.482473,0.000000,-87.560577,21
3.423594,2.961285,3.353633,2.482473,0.000000,-87.560577,21
3.423594,2.961285,3.353633,2.482473,0.000000,-87.560577,21
3.423594,2.961285,3.353633,2.482473,0.000000,-87.560577,21
3.423594,2.961285,3.353633,2.482473,0.000000,-87.560577,21
3.423594,2.961285,3.361222,2.304324,0.000000,-87.560577,21
3.423594,2.961285,3.361222,2.304324,0.000000,-87.560577,21
3.423594,2.961285,3.361222,2.304324,0.000000,-88.004768,21
3.423594,2.961285,3.361222,2.304324,0.000000,-88.004768,21
3.423594,2.961285,3.361222,2.304324,0.000000,-88.004768,21
3.423594,2.961285,3.361222,2.304324,0.000000,-88.004768,21
3.423594,2.961285,3.361222,2.304324,0.000000,-88.004768,21
3.423594,2.961285,3.361222,2.304324,0.000000,-88.004768,21
3.423594,2.961285,3.361222,2.304324,0.000000,-88.004768,21
3.423594,2.961285,3.361222,2.304324,0.000000,-88.004768,21
3.423594,2.961285,3.361222,2.304324,0.000000,-88.004768,21
3.423594,2.961285,3.361222,2.304324,0.000000,-88.004768,21
3.423594,2.961285,3.361222,2.304324,0.000000,-88.004768,21
3.423594,2.961285,3.361222,2.304324,0.000000,-88.004768,21
3.423594,2.961285,3.361222,2.304324,0.000000,-88.004768,21
3.423594,2.961285,3.361222,2.304324,0.000000,-88.004768,21
3.423594,2.961285,3.361222,2.304324,0.000000,-88.004768,21
3.423594,2.961285,3.361222,2.304324,0.000000,-88.004768,21
3.423594,2.961285,3.361222,2.304324,0.000000,-88.004768,21
3.423594,2.961285,3.361222,2.304324,0.000000,-88.004768,21
3.423594,2.961285,3.361222,2.304324,0.000000,-88.004768,21
3.423594,2.961285,3.361222,2.304324,0.000000,-88.004768,21
3.423594,2.961285,3.361222,2.304324,0.000000,-88.004768,21
3.423594,2.961285,3.361222,2.304324,0.000000,-88.004768,21
3.423594,2.961285,3.361222,2.304324,0.000000,-88.004768,21
3.423594,2.961285,3.361222,2.304324,0.000000,-88.004768,21
3.423594,2.961285,3.361222,2.304324,0.000000,-88.004768,21
3.423594,2.961285,3.361222,2.304324,0.000000,-88.004768,21
3.423594,2.961285,3.361222,2.304324,0.000000,-88.004768,21
3.423594,2.961285,3.361222,2.304324,0.000000,-88.004768,21
3.423594,2.961285,3.361222,2.304324,0.000000,-88.004768,21
3.423594,2.961285,3.361222,2.304324,0.000000,-88.004768,21
3.423594,2.961285,3.361222,2.304324,0.000000,-88.004768,21
3.423594,2.961285,3.361222,2.304324,0.000000,-88.004768,21
3.423594,2.961285,3.361222,2.304324,0.000000,-88.004768,21
3.423594,2.961285,3.361222,2.304324,0.000000,-88.004768,21
3.423594,2.961285,3.361222,2.304324,0.000000,-88.004768,21
3.423594,2.961285,3.361222,2.304324,0.000000,-88.004768,21
3.423594,2.961285,3.366260,2.159689,0.000000,-88.004768,21
3.423594,2.961285,3.366260,2.159689,0.000000,-88.004768,21
3.423594,2.961285,3.366260,2.159689,0.000000,-92.116508,21
3.423594,2.961285,3.366260,2.159689,0.000000,-92.116508,21
3.423594,2.961285,3.366260,2.159689,0.000000,-92.116508,21
3.423594,2.961285,3.366260,2.159689,0.000000,-92.116508,21
3.423594,2.961285,3.365580,2.141279,0.000000,-92.116508,21
3.423594,2.961285,3.365580,2.141279,0.000000,-92.116508,21
3.423594,2.961285,3.365580,2.141279,0.000000,-92.767769,21
3.423594,2.961285,3.365580,2.141279,0.000000,-92.767769,21
3.423594,2.961285,3.365580,2.141279,0.000000,-92.767769,21
3.423594,2.961285,3.365580,2.141279,0.000000,-92.767769,21
3.423594,2.961285,3.364735,2.123819,0.000000,-92.767769,21
3.423594,2.961285,3.364735,2.123819,0.000000,-93.329201,21
3.423594,2.961285,3.364735,2.123819,0.000000,-93.329201,21
3.423594,2.961285,3.364735,2.123819,0.000000,-93.329201,21
3.423594,2.961285,3.364735,2.123819,0.000000,-93.329201,21
3.423594,2.961285,3.364735,2.123819,0.000000,-93.329201,21
3.423594,2.961285,3.364735,2.123819,0.000000,-93.329201,21
3.423594,2.961285,3.364735,2.123819,0.000000,-93.329201,21
3.423594,2.961285,3.364735,2.123819,0.000000,-93.329201,21
3.423594,2.961285,3.364735,2.123819,0.000000,-93.329201,21
3.423594,2.961285,3.364735,2.123819,0.000000,-93.329201,21
3.423594,2.961285,3.364735,2.123819,0.000000,-93.329201,21
3.423594,2.961285,3.364735,2.123819,0.000000,-93.329201,21
3.423594,2.961285,3.364735,2.123819,0.000000,-93.329201,21
3.423594,2.961285,3.364735,2.123819,0.000000,-93.329201,21
3.423594,2.961285,3.364735,2.123819,0.000000,-93.329201,21
3.423594,2.961285,3.364735,2.123819,0.000000,-93.329201,21
3.423594,2.961285,3.364735,2.123819,0.000000,-93.329201,21
3.423594,2.961285,3.364735,2.123819,0.000000,-93.329201,21
3.423594,2.961285,3.364735,2.123819,0.000000,-93.329201,21
3.423594,2.961285,3.364735,2.123819,0.000000,-93.329201,21
3.423594,2.961285,3.360396,2.049222,0.000000,-93.329201,21
3.423594,2.961285,3.360396,2.049222,0.000000,-93.329201,21
3.423594,2.961285,3.360396,2.049222,0.000000,-93.143059,21
3.423594,2.961285,3.360396,2.049222,0.000000,-93.143059,21
3.423594,2.961285,3.360396,2.049222,0.000000,-93.143059,21
3.423594,2.961285,3.360396,2.049222,0.000000,-93.143059,21
3.423594,2.961285,3.360396,2.049222,0.000000,-93.143059,21
3.423594,2.961285,3.360396,2.049222,0.000000,-93.143059,21
3.423594,2.961285,3.360396,2.049222,0.000000,-93.143059,21
3.423594,2.961285,3.360396,2.049222,0.000000,-93.143059,21
3.423594,2.961285,3.360396,2.049222,0.000000,-93.143059,21
3.423594,2.961285,3.360396,2.049222,0.000000,-93.143059,21
3.128781,-0.812230,3.358074,2.006943,-1.506544,-93.143059,27
3.423594,2.961285,3.358074,2.006943,0.000000,-93.143059,21
3.423594,2.961285,3.358074,2.006943,0.000000,-92.620209,21
3.423594,2.961285,3.358074,2.006943,0.000000,-92.620209,21
3.423594,2.961285,3.358074,2.006943,0.000000,-92.620209,21
3.423594,2.961285,3.358074,2.006943,0.000000,-92.620209,21
3.423594,2.961285,3.358074,2.006943,0.000000,-92.620209,21
3.423594,2.961285,3.357268,1.989328,0.000000,-92.552856,21
3.423594,2.961285,3.357268,1.989328,0.000000,-92.552856,21
3.423594,2.961285,3.357268,1.989328,0.000000,-92.552856,21
3.423594,2.961285,3.357268,1.989328,0.000000,-92.552856,21
3.423594,2.961285,3.357268,1.989328,0.000000,-92.552856,21
3.423594,2.961285,3.357268,1.989328,0.000000,-92.552856,21
3.423594,2.961285,3.357268,1.989328,0.000000,-92.552856,21
3.423594,2.961285,3.357268,1.989328,0.000000,-92.552856,21
3.423594,2.961285,3.357268,1.989328,0.000000,-92.552856,21
3.423594,2.961285,3.357268,1.989328,0.000000,-92.552856,21
3.423594,2.961285,3.357268,1.989328,0.000000,-92.552856,21
3.423594,2.961285,3.357268,1.989328,0.000000,-92.552856,21
3.423594,2.961285,3.357268,1.989328,0.000000,-92.552856,21
3.423594,2.961285,3.357268,1.989328,0.000000,-92.552856,21
3.423594,2.961285,3.357268,1.989328,0.000000,-92.552856,21
3.423594,2.961285,3.357268,1.989328,0.000000,-92.552856,21
3.423594,2.961285,3.357268,1.989328,0.000000,-92.552856,21
3.423594,2.961285,3.357268,1.989328,0.000000,-92.552856,21
3.423594,2.961285,3.357268,1.989328,0.000000,-92.552856,21
3.423594,2.961285,3.357268,1.989328,0.000000,-92.552856,21
3.423594,2.961285,3.357268,1.989328,0.000000,-92.552856,21
3.423594,2.961285,3.357268,1.989328,0.000000,-92.552856,21
3.423594,2.961285,3.353860,1.912906,0.000000,-93.875328,21
3.423594,2.961285,3.353860,1.912906,0.000000,-93.875328,21
3.423594,2.961285,3.353860,1.912906,0.000000,-93.875328,21
3.423594,2.961285,3.353860,1.912906,0.000000,-93.875328,21
3.423594,2.961285,3.353860,1.912906,0.000000,-93.875328,21
3.423594,2.961285,3.353860,1.912906,0.000000,-93.875328,21
3.423594,2.961285,3.352599,1.894296,0.000000,-93.965134,21
3.423594,2.961285,3.352599,1.894296,0.000000,-93.965134,21
3.423594,2.961285,3.352599,1.894296,0.000000,-93.965134,21
3.423594,2.961285,3.352599,1.894296,0.000000,-93.965134,21
3.423594,2.961285,3.352599,1.894296,0.000000,-93.965134,21
3.423594,2.961285,3.352599,1.894296,0.000000,-93.965134,21
3.423594,2.961285,3.351306,1.875634,0.000000,-94.307190,21
3.423594,2.961285,3.351306,1.875634,0.000000,-94.307190,21
3.423594,2.961285,3.351306,1.875634,0.000000,-94.307190,21
3.423594,2.961285,3.351306,1.875634,0.000000,-94.307190,21
3.423594,2.961285,3.351306,1.875634,0.000000,-94.307190,21
3.423594,2.961285,3.349939,1.857481,0.000000,-94.307190,21
3.423594,2.961285,3.349939,1.857481,0.000000,-94.555542,21
3.423594,2.961285,3.349939,1.857481,0.000000,-94.555542,21
3.423594,2.961285,3.349939,1.857481,0.000000,-94.555542,21
3.423594,2.961285,3.349939,1.857481,0.000000,-94.555542,21
3.423594,2.961285,3.349939,1.857481,0.000000,-94.555542,21
3.423594,2.961285,3.349939,1.857481,0.000000,-94.555542,21
3.423594,2.961285,3.349939,1.857481,0.000000,-94.555542,21
3.423594,2.961285,3.349939,1.857481,0.000000,-94.555542,21
3.423594,2.961285,3.349939,1.857481,0.000000,-94.555542,21
3.423594,2.961285,3.349939,1.857481,0.000000,-94.555542,21
3.423594,2.961285,3.349939,1.857481,0.000000,-94.555542,21
3.423594,2.961285,3.349939,1.857481,0.000000,-94.555542,21
3.423594,2.961285,3.349939,1.857481,0.000000,-94.555542,21
3.423594,2.961285,3.349939,1.857481,0.000000,-94.555542,21
3.423594,2.961285,3.349939,1.857481,0.000000,-94.555542,21
3.423594,2.961285,3.349939,1.857481,0.000000,-94.555542,21
3.423594,2.961285,3.345361,1.800036,0.000000,-94.555542,21
3.423594,2.961285,3.345361,1.800036,0.000000,-94.555542,21
3.423594,2.961285,3.345361,1.800036,0.000000,-94.555542,21
3.423594,2.961285,3.345361,1.800036,0.000000,-94.555542,21
3.423594,2.961285,3.345361,1.800036,0.000000,-94.555542,21
3.423594,2.961285,3.343918,1.781925,0.000000,-94.555542,21
3.423594,2.961285,3.343918,1.781925,0.000000,-94.555542,21
3.423594,2.961285,3.343918,1.781925,0.000000,-94.555542,21
3.423594,2.961285,3.343918,1.781925,0.000000,-94.555542,21
3.423594,2.961285,3.343918,1.781925,0.000000,-94.555542,21
3.423594,2.961285,3.343918,1.781925,0.000000,-94.555542,21
3.423594,2.961285,3.342463,1.763660,0.000000,-94.419792,21
3.423594,2.961285,3.342463,1.763660,0.000000,-94.419792,21
3.423594,2.961285,3.342463,1.763660,0.000000,-94.419792,21
3.423594,2.961285,3.342463,1.763660,0.000000,-94.419792,21
3.423594,2.961285,3.341091,1.745913,0.000000,-94.419792,21
3.423594,2.961285,3.341091,1.745913,0.000000,-94.419792,21
3.423594,2.961285,3.341091,1.745913,0.000000,-94.419792,21
3.423594,2.961285,3.341091,1.745913,0.000000,-94.419792,21
3.423594,2.961285,3.341091,1.745913,0.000000,-94.419792,21
3.423594,2.961285,3.341091,1.745913,0.000000,-94.419792,21
3.423594,2.961285,3.339690,1.727784,0.000000,-94.374886,21
3.423594,2.961285,3.339690,1.727784,0.000000,-94.374886,21
3.423594,2.961285,3.339690,1.727784,0.000000,-94.374886,21
3.423594,2.961285,3.339690,1.727784,0.000000,-94.374886,21
3.423594,2.961285,3.338308,1.709728,0.000000,-94.307510,21
3.423594,2.961285,3.338308,1.709728,0.000000,-94.307510,21
3.423594,2.961285,3.338308,1.709728,0.000000,-94.307510,21
3.423594,2.961285,3.338308,1.709728,0.000000,-94.307510,21
3.423594,2.961285,3.338308,1.709728,0.000000,-94.307510,21
3.423594,2.961285,3.338308,1.709728,0.000000,-94.307510,21
3.423594,2.961285,3.336930,1.691432,0.000000,-94.307510,21
3.423594,2.961285,3.336930,1.691432,0.000000,-94.442291,21
3.423594,2.961285,3.336930,1.691432,0.000000,-94.442291,21
3.423594,2.961285,3.336930,1.691432,0.000000,-94.442291,21
3.423594,2.961285,3.336930,1.691432,0.000000,-94.442291,21
3.423594,2.961285,3.336930,1.691432,0.000000,-94.442291,21
3.423594,2.961285,3.335534,1.673466,0.000000,-94.442291,21
3.423594,2.961285,3.335534,1.673466,0.000000,-94.352509,21
3.423594,2.961285,3.335534,1.673466,0.000000,-94.352509,21
3.423594,2.961285,3.335534,1.673466,0.000000,-94.352509,21
3.423594,2.961285,3.335534,1.673466,0.000000,-94.352509,21
3.423594,2.961285,3.335534,1.673466,0.000000,-94.352509,21
2.622540,-1.386761,3.201994,0.245753,-11.020615,-98.521233,28
1.854917,-1.739700,3.029966,-0.415062,-17.918251,-113.656761,29
1.121235,-1.899264,2.713217,-0.945492,-18.551538,-130.521851,30
0.449846,-2.279606,2.233428,-1.408228,-10.917665,-143.043915,31
-0.338435,-2.741240,1.535404,-1.863259,-5.648954,-149.245407,32
-1.071673,-2.899064,1.045592,-2.116077,-7.397274,-152.307419,33
-1.905928,-2.967971,0.418521,-2.395970,-7.327081,-158.847839,34
-0.338435,-2.741240,0.418521,-2.395970,0.000000,-160.323822,31
-0.338435,-2.741240,0.381930,-2.409054,0.000000,-160.323822,31
-0.338435,-2.741240,0.381930,-2.409054,0.000000,-160.323822,31
-0.338435,-2.741240,0.381930,-2.409054,0.000000,-160.682938,31
-0.338435,-2.741240,0.381930,-2.409054,0.000000,-160.682938,31
-0.338435,-2.741240,0.381930,-2.409054,0.000000,-160.682938,31
-0.338435,-2.741240,0.381930,-2.409054,0.000000,-160.682938,31
-0.338435,-2.741240,0.381930,-2.409054,0.000000,-160.682938,31
-0.338435,-2.741240,0.381930,-2.409054,0.000000,-160.682938,31
-0.338435,-2.741240,0.381930,-2.409054,0.000000,-160.682938,31
-0.338435,-2.741240,0.381930,-2.409054,0.000000,-160.682938,31
-0.338435,-2.741240,0.381930,-2.409054,0.000000,-160.682938,31
-0.338435,-2.741240,0.381930,-2.409054,0.000000,-160.682938,31
-0.338435,-2.741240,0.381930,-2.409054,0.000000,-160.682938,31
-0.338435,-2.741240,0.381930,-2.409054,0.000000,-160.682938,31
-0.338435,-2.741240,0.381930,-2.409054,0.000000,-160.682938,31
-0.338435,-2.741240,0.381930,-2.409054,0.000000,-160.682938,31
-0.338435,-2.741240,0.381930,-2.409054,0.000000,-160.682938,31
-0.338435,-2.741240,0.381930,-2.409054,0.000000,-160.682938,31
-0.338435,-2.741240,0.381930,-2.409054,0.000000,-160.682938,31
-0.338435,-2.741240,0.381930,-2.409054,0.000000,-160.682938,31
-0.338435,-2.741240,0.381930,-2.409054,0.000000,-160.682938,31
-0.338435,-2.741240,0.381930,-2.409054,0.000000,-160.682938,31
-0.338435,-2.741240,0.381930,-2.409054,0.000000,-160.682938,31
-0.338435,-2.741240,0.288065,-2.441956,0.000000,-154.497330,31
-0.338435,-2.741240,0.288065,-2.441956,0.000000,-154.497330,31
-0.338435,-2.741240,0.288065,-2.441956,0.000000,-154.497330,31
-0.338435,-2.741240,0.288065,-2.441956,0.000000,-154.497330,31
-0.338435,-2.741240,0.288065,-2.441956,0.000000,-154.497330,31
-0.338435,-2.741240,0.288065,-2.441956,0.000000,-154.497330,31
-0.338435,-2.741240,0.288065,-2.441956,0.000000,-154.497330,31
-0.338435,-2.741240,0.288065,-2.441956,0.000000,-154.497330,31
-0.338435,-2.741240,0.288065,-2.441956,0.000000,-154.497330,31
-0.338435,-2.741240,0.288065,-2.441956,0.000000,-154.497330,31
-0.338435,-2.741240,0.288065,-2.441956,0.000000,-154.497330,31
-0.338435,-2.741240,0.258041,-2.456278,0.000000,-149.078537,31
-0.338435,-2.741240,0.258041,-2.456278,0.000000,-149.078537,31
-0.338435,-2.741240,0.258041,-2.456278,0.000000,-149.078537,31
-0.338435,-2.741240,0.258041,-2.456278,0.000000,-149.078537,31
-0.338435,-2.741240,0.258041,-2.456278,0.000000,-149.078537,31
-0.338435,-2.741240,0.258041,-2.456278,0.000000,-149.078537,31
-0.338435,-2.741240,0.245467,-2.463810,0.000000,-149.078537,31
-0.338435,-2.741240,0.245467,-2.463810,0.000000,-149.078537,31
-0.338435,-2.741240,0.245467,-2.463810,0.000000,-146.047043,31
-0.338435,-2.741240,0.245467,-2.463810,0.000000,-146.047043,31
-0.338435,-2.741240,0.245467,-2.463810,0.000000,-146.047043,31
-0.338435,-2.741240,0.245467,-2.463810,0.000000,-146.047043,31
-0.338435,-2.741240,0.245467,-2.463810,0.000000,-146.047043,31
-0.338435,-2.741240,0.245467,-2.463810,0.000000,-146.047043,31
-0.338435,-2.741240,0.234215,-2.471385,0.000000,-146.047043,31
-0.338435,-2.741240,0.234215,-2.471385,0.000000,-146.047043,31
-0.338435,-2.741240,0.234215,-2.471385,0.000000,-142.565536,31
-0.338435,-2.741240,0.234215,-2.471385,0.000000,-142.565536,31
-0.338435,-2.741240,0.234215,-2.471385,0.000000,-142.565536,31
-0.338435,-2.741240,0.234215,-2.471385,0.000000,-142.565536,31
-0.338435,-2.741240,0.234215,-2.471385,0.000000,-142.565536,31
-0.338435,-2.741240,0.234215,-2.471385,0.000000,-142.565536,31
-0.338435,-2.741240,0.234215,-2.471385,0.000000,-142.565536,31
-0.338435,-2.741240,0.234215,-2.471385,0.000000,-142.565536,31
-0.338435,-2.741240,0.234215,-2.471385,0.000000,-142.565536,31
-0.338435,-2.741240,0.234215,-2.471385,0.000000,-142.565536,31
-0.338435,-2.741240,0.234215,-2.471385,0.000000,-142.565536,31
-0.338435,-2.741240,0.234215,-2.471385,0.000000,-142.565536,31
-0.338435,-2.741240,0.234215,-2.471385,0.000000,-142.565536,31
-0.338435,-2.741240,0.234215,-2.471385,0.000000,-142.565536,31
-0.338435,-2.741240,0.234215,-2.471385,0.000000,-142.565536,31
-0.338435,-2.741240,0.234215,-2.471385,0.000000,-142.565536,31
-0.338435,-2.741240,0.234215,-2.471385,0.000000,-142.565536,31
-0.338435,-2.741240,0.174412,-2.517165,0.000000,-142.565536,31
-0.338435,-2.741240,0.174412,-2.517165,0.000000,-142.565536,31
-0.338435,-2.741240,0.174412,-2.517165,0.000000,-127.685677,31
-0.338435,-2.741240,0.174412,-2.517165,0.000000,-127.685677,31
-2.377586,-3.695691,0.174412,-2.517165,-27.526218,-127.685677,35
-0.338435,-2.741240,0.174412,-2.517165,0.000000,-127.685677,31
-0.338435,-2.741240,0.174412,-2.517165,0.000000,-127.685677,31
-0.338435,-2.741240,0.174412,-2.517165,0.000000,-127.685677,31
-0.338435,-2.741240,0.162547,-2.532523,0.000000,-124.545166,31
-0.338435,-2.741240,0.162547,-2.532523,0.000000,-124.545166,31
-0.338435,-2.741240,0.162547,-2.532523,0.000000,-124.545166,31
-0.338435,-2.741240,0.162547,-2.532523,0.000000,-124.545166,31
-0.338435,-2.741240,0.162547,-2.532523,0.000000,-124.545166,31
-0.338435,-2.741240,0.162547,-2.532523,0.000000,-124.545166,31
-0.338435,-2.741240,0.162547,-2.532523,0.000000,-124.545166,31
-0.338435,-2.741240,0.162547,-2.532523,0.000000,-124.545166,31
-0.338435,-2.741240,0.162547,-2.532523,0.000000,-124.545166,31
-0.338435,-2.741240,0.162547,-2.532523,0.000000,-124.545166,31
-0.338435,-2.741240,0.162547,-2.532523,0.000000,-124.545166,31
-0.338435,-2.741240,0.162547,-2.532523,0.000000,-124.545166,31
-0.338435,-2.741240,0.162547,-2.532523,0.000000,-124.545166,31
-0.338435,-2.741240,0.162547,-2.532523,0.000000,-124.545166,31
-0.338435,-2.741240,0.162547,-2.532523,0.000000,-124.545166,31
-0.338435,-2.741240,0.127333,-2.583673,0.000000,-115.543762,31
-0.338435,-2.741240,0.127333,-2.583673,0.000000,-115.543762,31
-0.338435,-2.741240,0.127333,-2.583673,0.000000,-115.543762,31
-0.338435,-2.741240,0.127333,-2.583673,0.000000,-115.543762,31
-0.338435,-2.741240,0.127333,-2.583673,0.000000,-115.543762,31
-0.338435,-2.741240,0.127333,-2.583673,0.000000,-115.543762,31
-0.338435,-2.741240,0.127333,-2.583673,0.000000,-115.543762,31
-0.338435,-2.741240,0.104261,-2.636434,0.000000,-109.386536,31
-0.338435,-2.741240,0.104261,-2.636434,0.000000,-106.736671,31
-0.338435,-2.741240,0.104261,-2.636434,0.000000,-106.736671,31
-0.338435,-2.741240,0.099161,-2.653395,0.000000,-106.736671,31
-0.338435,-2.741240,0.099161,-2.653395,0.000000,-104.042610,31
-0.338435,-2.741240,0.099161,-2.653395,0.000000,-104.042610,31
-0.338435,-2.741240,0.094991,-2.670064,0.000000,-101.098129,31
-0.338435,-2.741240,0.094991,-2.670064,0.000000,-101.098129,31
-0.338435,-2.741240,0.094991,-2.670064,0.000000,-101.098129,31
-0.338435,-2.741240,0.091716,-2.686761,0.000000,-101.098129,31
-0.338435,-2.741240,0.091716,-2.686761,0.000000,-97.975815,31
-0.338435,-2.741240,0.091716,-2.686761,0.000000,-97.975815,31
-0.338435,-2.741240,0.089266,-2.704248,0.000000,-94.985603,31
-0.338435,-2.741240,0.089266,-2.704248,0.000000,-94.985603,31
-0.338435,-2.741240,0.089266,-2.704248,0.000000,-94.985603,31
-0.338435,-2.741240,0.087686,-2.722355,0.000000,-91.843529,31
-0.338435,-2.741240,0.087686,-2.722355,0.000000,-91.843529,31
-0.338435,-2.741240,0.087101,-2.740523,0.000000,-91.843529,31
-0.338435,-2.741240,0.087101,-2.740523,0.000000,-88.611351,31
-0.338435,-2.741240,0.087101,-2.740523,0.000000,-88.611351,31
-0.338435,-2.741240,0.087555,-2.759247,0.000000,-88.611351,31
-0.338435,-2.741240,0.087555,-2.759247,0.000000,-85.356026,31
-0.338435,-2.741240,0.087555,-2.759247,0.000000,-85.356026,31
-0.338435,-2.741240,0.089085,-2.778075,0.000000,-85.356026,31
-0.338435,-2.741240,0.089085,-2.778075,0.000000,-82.010353,31
-0.338435,-2.741240,0.089085,-2.778075,0.000000,-82.010353,31
-0.338435,-2.741240,0.091677,-2.796546,0.000000,-78.777351,31
-0.338435,-2.741240,0.091677,-2.796546,0.000000,-78.777351,31
-0.338435,-2.741240,0.091677,-2.796546,0.000000,-78.777351,31
-0.338435,-2.741240,0.095186,-2.814229,0.000000,-78.777351,31
-0.338435,-2.741240,0.095186,-2.814229,0.000000,-75.813271,31
-0.338435,-2.741240,0.095186,-2.814229,0.000000,-75.813271,31
-0.338435,-2.741240,0.099525,-2.831396,0.000000,-73.119896,31
-0.338435,-2.741240,0.099525,-2.831396,0.000000,-73.119896,31
-0.338435,-2.741240,0.099525,-2.831396,0.000000,-73.119896,31
-0.338435,-2.741240,0.104740,-2.848583,0.000000,-70.356155,31
-0.338435,-2.741240,0.104740,-2.848583,0.000000,-70.356155,31
-0.338435,-2.741240,0.104740,-2.848583,0.000000,-70.356155,31
-0.338435,-2.741240,0.104740,-2.848583,0.000000,-70.356155,31
-0.338435,-2.741240,0.104740,-2.848583,0.000000,-70.356155,31
-0.338435,-2.741240,0.117697,-2.884882,0.000000,-70.356155,31
-0.338435,-2.741240,0.117697,-2.884882,0.000000,-64.191345,31
-0.338435,-2.741240,0.117697,-2.884882,0.000000,-64.191345,31
-0.338435,-2.741240,0.125685,-2.901400,0.000000,-61.181282,31
-0.338435,-2.741240,0.125685,-2.901400,0.000000,-61.181282,31
-0.338435,-2.741240,0.125685,-2.901400,0.000000,-61.181282,31
-0.338435,-2.741240,0.134414,-2.917265,0.000000,-61.181282,31
-0.338435,-2.741240,0.134414,-2.917265,0.000000,-58.239437,31
-0.338435,-2.741240,0.134414,-2.917265,0.000000,-58.239437,31
-0.338435,-2.741240,0.143857,-2.932519,0.000000,-55.164692,31
-0.338435,-2.741240,0.143857,-2.932519,0.000000,-55.164692,31
-0.338435,-2.741240,0.143857,-2.932519,0.000000,-55.164692,31
-0.338435,-2.741240,0.154340,-2.947582,0.000000,-55.164692,31
-0.338435,-2.741240,0.154340,-2.947582,0.000000,-52.028496,31
-0.338435,-2.741240,0.154340,-2.947582,0.000000,-52.028496,31
-0.338435,-2.741240,0.154340,-2.947582,0.000000,-52.028496,31
-0.338435,-2.741240,0.165906,-2.962401,0.000000,-48.815197,31
-0.338435,-2.741240,0.165906,-2.962401,0.000000,-48.815197,31
-0.338435,-2.741240,0.165906,-2.962401,0.000000,-48.815197,31
-0.338435,-2.741240,0.165906,-2.962401,0.000000,-48.815197,31
-0.338435,-2.741240,0.165906,-2.962401,0.000000,-48.815197,31
-0.338435,-2.741240,0.165906,-2.962401,0.000000,-48.815197,31
-0.338435,-2.741240,0.165906,-2.962401,0.000000,-48.815197,31
-0.338435,-2.741240,0.165906,-2.962401,0.000000,-48.815197,31
-0.338435,-2.741240,0.165906,-2.962401,0.000000,-48.815197,31
-0.338435,-2.741240,0.165906,-2.962401,0.000000,-48.815197,31
-0.338435,-2.741240,0.165906,-2.962401,0.000000,-48.815197,31
-0.338435,-2.741240,0.165906,-2.962401,0.000000,-48.815197,31
-0.338435,-2.741240,0.165906,-2.962401,0.000000,-48.815197,31
-0.338435,-2.741240,0.165906,-2.962401,0.000000,-48.815197,31
-0.338435,-2.741240,0.165906,-2.962401,0.000000,-48.815197,31
-0.338435,-2.741240,0.165906,-2.962401,0.000000,-48.815197,31
-0.338435,-2.741240,0.165906,-2.962401,0.000000,-48.815197,31
-0.338435,-2.741240,0.165906,-2.962401,0.000000,-48.815197,31
-0.338435,-2.741240,0.165906,-2.962401,0.000000,-48.815197,31
-0.338435,-2.741240,0.165906,-2.962401,0.000000,-48.815197,31
-0.338435,-2.741240,0.165906,-2.962401,0.000000,-48.815197,31
-0.338435,-2.741240,0.165906,-2.962401,0.000000,-48.815197,31
-0.338435,-2.741240,0.165906,-2.962401,0.000000,-48.815197,31
-0.338435,-2.741240,0.165906,-2.962401,0.000000,-48.815197,31
-0.338435,-2.741240,0.165906,-2.962401,0.000000,-48.815197,31
-0.338435,-2.741240,0.165906,-2.962401,0.000000,-48.815197,31
-0.338435,-2.741240,0.165906,-2.962401,0.000000,-48.815197,31
-0.338435,-2.741240,0.292362,-3.106928,0.000000,-16.565039,31
-0.338435,-2.741240,0.292362,-3.106928,0.000000,-16.565039,31
-0.338435,-2.741240,0.292362,-3.106928,0.000000,-16.565039,31
-0.338435,-2.741240,0.310167,-3.112224,0.000000,-13.859095,31
-0.338435,-2.741240,0.310167,-3.112224,0.000000,-13.859095,31
-0.338435,-2.741240,0.310167,-3.112224,0.000000,-13.859095,31
-0.338435,-2.741240,0.327739,-3.116560,0.000000,-11.412520,31
-0.338435,-2.741240,0.327739,-3.116560,0.000000,-11.412520,31
-0.338435,-2.741240,0.327739,-3.116560,0.000000,-11.412520,31
-0.338435,-2.741240,0.346157,-3.120278,0.000000,-11.412520,31
-0.338435,-2.741240,0.346157,-3.120278,0.000000,-9.648410,31
-0.338435,-2.741240,0.364157,-3.123338,0.000000,-9.648410,31
-0.338435,-2.741240,0.364157,-3.123338,0.000000,-8.189263,31
-0.338435,-2.741240,0.364157,-3.123338,0.000000,-8.189263,31
-0.338435,-2.741240,0.364157,-3.123338,0.000000,-8.189263,31
-0.338435,-2.741240,0.364157,-3.123338,0.000000,-8.189263,31
-0.338435,-2.741240,0.364157,-3.123338,0.000000,-8.189263,31
-0.338435,-2.741240,0.364157,-3.123338,0.000000,-8.189263,31
-0.338435,-2.741240,0.364157,-3.123338,0.000000,-8.189263,31
-0.338435,-2.741240,0.364157,-3.123338,0.000000,-8.189263,31
-0.338435,-2.741240,0.419933,-3.131365,0.000000,-7.617820,31
-0.338435,-2.741240,0.419933,-3.131365,0.000000,-7.617820,31
-0.338435,-2.741240,0.419933,-3.131365,0.000000,-7.617820,31
-0.338435,-2.741240,0.438371,-3.133831,0.000000,-7.280530,31
-0.338435,-2.741240,0.438371,-3.133831,0.000000,-7.280530,31
-0.338435,-2.741240,0.438371,-3.133831,0.000000,-7.280530,31
-0.338435,-2.741240,0.456158,-3.136103,0.000000,-7.280530,31
-0.338435,-2.741240,0.456158,-3.136103,0.000000,-7.119279,31
-0.338435,-2.741240,0.456158,-3.136103,0.000000,-7.119279,31
-0.338435,-2.741240,0.474116,-3.138346,0.000000,-6.737741,31
-0.338435,-2.741240,0.474116,-3.138346,0.000000,-6.737741,31
-0.338435,-2.741240,0.491473,-3.140396,0.000000,-6.737741,31
-0.338435,-2.741240,0.491473,-3.140396,0.000000,-6.221326,31
-0.338435,-2.741240,0.491473,-3.140396,0.000000,-6.221326,31
-0.338435,-2.741240,0.509775,-3.142391,0.000000,-6.221326,31
-0.338435,-2.741240,0.509775,-3.142391,0.000000,-5.570468,31
-0.338435,-2.741240,0.509775,-3.142391,0.000000,-5.570468,31
-0.338435,-2.741240,0.527576,-3.144128,0.000000,-4.851319,31
-0.338435,-2.741240,0.527576,-3.144128,0.000000,-4.851319,31
-0.338435,-2.741240,0.527576,-3.144128,0.000000,-4.851319,31
-0.338435,-2.741240,0.527576,-3.144128,0.000000,-4.851319,31
-0.338435,-2.741240,0.527576,-3.144128,0.000000,-4.851319,31
-0.338435,-2.741240,0.565250,-3.147325,0.000000,-4.851319,31
-0.338435,-2.741240,0.565250,-3.147325,0.000000,-3.250112,31
-0.338435,-2.741240,0.565250,-3.147325,0.000000,-3.250112,31
-0.338435,-2.741240,0.583322,-3.148351,0.000000,-2.688929,31
-0.338435,-2.741240,0.583322,-3.148351,0.000000,-2.688929,31
-0.338435,-2.741240,0.583322,-3.148351,0.000000,-2.688929,31
-0.338435,-2.741240,0.602266,-3.149241,0.000000,-2.060310,31
-0.338435,-2.741240,0.602266,-3.149241,0.000000,-2.060310,31
-0.338435,-2.741240,0.602266,-3.149241,0.000000,-2.060310,31
-0.338435,-2.741240,0.602266,-3.149241,0.000000,-2.060310,31
-0.338435,-2.741240,0.602266,-3.149241,0.000000,-2.060310,31
-0.338435,-2.741240,0.602266,-3.149241,0.000000,-2.060310,31
-0.338435,-2.741240,0.602266,-3.149241,0.000000,-2.060310,31
-0.338435,-2.741240,0.602266,-3.149241,0.000000,-2.060310,31
-0.338435,-2.741240,0.602266,-3.149241,0.000000,-2.060310,31
-0.338435,-2.741240,0.602266,-3.149241,0.000000,-2.060310,31
-0.338435,-2.741240,0.602266,-3.149241,0.000000,-2.060310,31
-0.338435,-2.741240,0.675751,-3.151885,0.000000,-2.060310,31
-0.338435,-2.741240,0.675751,-3.151885,0.000000,-2.060310,31
-0.338435,-2.741240,0.675751,-3.151885,0.000000,-2.060310,31
-0.338435,-2.741240,0.693865,-3.152537,0.000000,-2.037832,31
-0.338435,-2.741240,0.693865,-3.152537,0.000000,-2.037832,31
-0.338435,-2.741240,0.693865,-3.152537,0.000000,-2.037832,31
-0.338435,-2.741240,0.712205,-3.153189,0.000000,-1.858092,31
-0.338435,-2.741240,0.712205,-3.153189,0.000000,-1.858092,31
-0.338435,-2.741240,0.730029,-3.153767,0.000000,-1.835386,31
-0.338435,-2.741240,0.730029,-3.153767,0.000000,-1.835386,31
-0.338435,-2.741240,0.730029,-3.153767,0.000000,-1.835386,31
-0.338435,-2.741240,0.730029,-3.153767,0.000000,-1.835386,31
-0.338435,-2.741240,0.730029,-3.153767,0.000000,-1.835386,31
-0.338435,-2.741240,0.730029,-3.153767,0.000000,-1.835386,31
-0.338435,-2.741240,0.730029,-3.153767,0.000000,-1.835386,31
-0.338435,-2.741240,0.730029,-3.153767,0.000000,-1.835386,31
-0.338435,-2.741240,0.730029,-3.153767,0.000000,-1.835386,31
-0.338435,-2.741240,0.730029,-3.153767,0.000000,-1.835386,31
-0.338435,-2.741240,0.730029,-3.153767,0.000000,-1.835386,31
-0.338435,-2.741240,0.802511,-3.156090,0.000000,-1.649891,31
-0.338435,-2.741240,0.802511,-3.156090,0.000000,-1.649891,31
-0.338435,-2.741240,0.802511,-3.156090,0.000000,-1.649891,31
-0.338435,-2.741240,0.802511,-3.156090,0.000000,-1.649891,31
-0.338435,-2.741240,0.802511,-3.156090,0.000000,-1.649891,31
-0.338435,-2.741240,0.802511,-3.156090,0.000000,-1.649891,31
-0.338435,-2.741240,0.843086,-3.157259,0.000000,-1.100906,31
-0.338435,-2.741240,0.843086,-3.157259,0.000000,-1.100906,31
-0.338435,-2.741240,0.843086,-3.157259,0.000000,-1.100906,31
-0.338435,-2.741240,0.861037,-3.157604,0.000000,-0.898761,31
-0.338435,-2.741240,0.861037,-3.157604,0.000000,-0.898761,31
-0.338435,-2.741240,0.861037,-3.157604,0.000000,-0.898761,31
-0.338435,-2.741240,0.879766,-3.157897,0.000000,-0.561974,31
-0.338435,-2.741240,0.879766,-3.157897,0.000000,-0.561974,31
-0.338435,-2.741240,0.898428,-3.158081,0.000000,-0.561974,31
-0.338435,-2.741240,0.898428,-3.158081,0.000000,-0.472115,31
-0.338435,-2.741240,0.898428,-3.158081,0.000000,-0.472115,31
-0.338435,-2.741240,0.898428,-3.158081,0.000000,-0.472115,31
-0.338435,-2.741240,0.898428,-3.158081,0.000000,-0.472115,31
-0.338435,-2.741240,0.898428,-3.158081,0.000000,-0.472115,31
-0.338435,-2.741240,0.898428,-3.158081,0.000000,-0.472115,31
-0.338435,-2.741240,0.898428,-3.158081,0.000000,-0.472115,31
-0.338435,-2.741240,0.898428,-3.158081,0.000000,-0.472115,31
-0.338435,-2.741240,0.898428,-3.158081,0.000000,-0.472115,31
-0.338435,-2.741240,0.898428,-3.158081,0.000000,-0.472115,31
-0.338435,-2.741240,0.937562,-3.158403,0.000000,-0.189476,31
-0.338435,-2.741240,0.937562,-3.158403,0.000000,-0.189476,31
-0.338435,-2.741240,0.937562,-3.158403,0.000000,-0.189476,31
-0.338435,-2.741240,0.937562,-3.158403,0.000000,-0.189476,31
-0.338435,-2.741240,0.937562,-3.158403,0.000000,-0.189476,31
-0.338435,-2.741240,0.937562,-3.158403,0.000000,-0.189476,31
-0.338435,-2.741240,0.937562,-3.158403,0.000000,-0.189476,31
-0.338435,-2.741240,0.937562,-3.158403,0.000000,-0.189476,31
-0.338435,-2.741240,0.937562,-3.158403,0.000000,-0.189476,31
-0.338435,-2.741240,0.937562,-3.158403,0.000000,-0.189476,31
-0.338435,-2.741240,0.937562,-3.158403,0.000000,-0.189476,31
-0.338435,-2.741240,0.937562,-3.158403,0.000000,-0.189476,31
-0.338435,-2.741240,0.937562,-3.158403,0.000000,-0.189476,31
-0.338435,-2.741240,0.937562,-3.158403,0.000000,-0.189476,31
-0.338435,-2.741240,0.937562,-3.158403,0.000000,-0.189476,31
-0.338435,-2.741240,0.937562,-3.158403,0.000000,-0.189476,31
-0.338435,-2.741240,0.998914,-3.158606,0.000000,-0.189476,31
-0.338435,-2.741240,0.998914,-3.158606,0.000000,-0.189476,31
-0.338435,-2.741240,0.998914,-3.158606,0.000000,-0.656098,31
-0.338435,-2.741240,0.998914,-3.158606,0.000000,-0.656098,31
-0.338435,-2.741240,0.998914,-3.158606,0.000000,-0.656098,31
-0.338435,-2.741240,0.998914,-3.158606,0.000000,-0.656098,31
-0.338435,-2.741240,1.016942,-3.158812,0.000000,-0.656098,31
-0.338435,-2.741240,1.016942,-3.158812,0.000000,-0.656098,31
-0.338435,-2.741240,1.016942,-3.158812,0.000000,-0.835753,31
-0.338435,-2.741240,1.016942,-3.158812,0.000000,-0.835753,31
-0.338435,-2.741240,1.016942,-3.158812,0.000000,-0.835753,31
-0.338435,-2.741240,1.016942,-3.158812,0.000000,-0.835753,31
-0.338435,-2.741240,1.035410,-3.159082,0.000000,-0.768206,31
-0.338435,-2.741240,1.035410,-3.159082,0.000000,-0.768206,31
-0.338435,-2.741240,1.035410,-3.159082,0.000000,-0.768206,31
-0.338435,-2.741240,1.035410,-3.159082,0.000000,-0.768206,31
-0.338435,-2.741240,1.035410,-3.159082,0.000000,-0.768206,31
-0.338435,-2.741240,1.035410,-3.159082,0.000000,-0.768206,31
-0.338435,-2.741240,1.053147,-3.159320,0.000000,-0.768206,31
-0.338435,-2.741240,1.053147,-3.159320,0.000000,-0.768206,31
-0.338435,-2.741240,1.053147,-3.159320,0.000000,-0.768206,31
-0.338435,-2.741240,1.053147,-3.159320,0.000000,-0.768206,31
-0.338435,-2.741240,1.053147,-3.159320,0.000000,-0.768206,31
-0.338435,-2.741240,1.071010,-3.159559,0.000000,-0.768206,31
-0.338435,-2.741240,1.071010,-3.159559,0.000000,-0.813101,31
-0.338435,-2.741240,1.071010,-3.159559,0.000000,-0.813101,31
-0.338435,-2.741240,1.071010,-3.159559,0.000000,-0.813101,31
-0.338435,-2.741240,1.071010,-3.159559,0.000000,-0.813101,31
-0.338435,-2.741240,1.071010,-3.159559,0.000000,-0.813101,31
-0.338435,-2.741240,1.071010,-3.159559,0.000000,-0.813101,31
-0.338435,-2.741240,1.089199,-3.159817,0.000000,-0.813101,31
-0.338435,-2.741240,1.089199,-3.159817,0.000000,-0.723254,31
-0.338435,-2.741240,1.089199,-3.159817,0.000000,-0.723254,31
-0.338435,-2.741240,1.089199,-3.159817,0.000000,-0.723254,31
-0.338435,-2.741240,1.089199,-3.159817,0.000000,-0.723254,31
-0.338435,-2.741240,1.107172,-3.160044,0.000000,-0.723254,31
-0.338435,-2.741240,1.107172,-3.160044,0.000000,-0.723254,31
-0.338435,-2.741240,1.107172,-3.160044,0.000000,-0.608827,31
-0.338435,-2.741240,1.107172,-3.160044,0.000000,-0.608827,31
-0.338435,-2.741240,1.107172,-3.160044,0.000000,-0.608827,31
-0.338435,-2.741240,1.107172,-3.160044,0.000000,-0.608827,31
-0.338435,-2.741240,1.125427,-3.160238,0.000000,-0.608827,31
-0.338435,-2.741240,1.125427,-3.160238,0.000000,-0.496592,31
-0.338435,-2.741240,1.125427,-3.160238,0.000000,-0.496592,31
-0.338435,-2.741240,1.125427,-3.160238,0.000000,-0.496592,31
-0.338435,-2.741240,1.125427,-3.160238,0.000000,-0.496592,31
-0.338435,-2.741240,1.162337,-3.160558,0.000000,-0.267710,31
-0.338435,-2.741240,1.162337,-3.160558,0.000000,-0.267710,31
-0.338435,-2.741240,1.162337,-3.160558,0.000000,-0.267710,31
-0.338435,-2.741240,1.181373,-3.160647,0.000000,-0.110615,31
-0.338435,-2.741240,1.181373,-3.160647,0.000000,-0.110615,31
-0.338435,-2.741240,1.200976,-3.160685,0.000000,-0.110615,31
-0.338435,-2.741240,1.200976,-3.160685,0.000000,0.006870,31
-0.338435,-2.741240,1.200976,-3.160685,0.000000,0.006870,31
-0.338435,-2.741240,1.219782,-3.160683,0.000000,0.006870,31
-0.338435,-2.741240,1.219782,-3.160683,0.000000,0.006870,31
-0.338435,-2.741240,1.219782,-3.160683,0.000000,0.006870,31
-0.338435,-2.741240,1.237800,-3.160680,0.000000,0.006870,31
-0.338435,-2.741240,1.237800,-3.160680,0.000000,-0.127791,31
-0.338435,-2.741240,1.237800,-3.160680,0.000000,-0.127791,31
-0.338435,-2.741240,1.256381,-3.160722,0.000000,-0.150251,31
-0.338435,-2.741240,1.256381,-3.160722,0.000000,-0.150251,31
-0.338435,-2.741240,1.256381,-3.160722,0.000000,-0.150251,31
-0.338435,-2.741240,1.256381,-3.160722,0.000000,-0.150251,31
-0.338435,-2.741240,1.274585,-3.160769,0.000000,-0.150251,31
-0.338435,-2.741240,1.274585,-3.160769,0.000000,-0.150251,31
-0.338435,-2.741240,1.274585,-3.160769,0.000000,-0.150251,31
-0.338435,-2.741240,1.274585,-3.160769,0.000000,-0.150251,31
-0.338435,-2.741240,1.274585,-3.160769,0.000000,-0.150251,31
-0.338435,-2.741240,1.274585,-3.160769,0.000000,-0.150251,31
-0.338435,-2.741240,1.274585,-3.160769,0.000000,-0.150251,31
-0.338435,-2.741240,1.274585,-3.160769,0.000000,-0.150251,31
-0.338435,-2.741240,1.274585,-3.160769,0.000000,-0.150251,31
-0.338435,-2.741240,1.274585,-3.160769,0.000000,-0.150251,31
-0.338435,-2.741240,1.274585,-3.160769,0.000000,-0.150251,31
-0.338435,-2.741240,1.274585,-3.160769,0.000000,-0.150251,31
-0.338435,-2.741240,1.316573,-3.160880,0.000000,0.053624,31
-0.338435,-2.741240,1.316573,-3.160880,0.000000,0.053624,31
-0.338435,-2.741240,1.316573,-3.160880,0.000000,0.053624,31
-0.338435,-2.741240,1.316573,-3.160880,0.000000,0.053624,31
-0.338435,-2.741240,1.316573,-3.160880,0.000000,0.053624,31
-0.338435,-2.741240,1.316573,-3.160880,0.000000,0.053624,31
-0.338435,-2.741240,1.316573,-3.160880,0.000000,0.053624,31
-0.338435,-2.741240,1.316573,-3.160880,0.000000,0.053624,31
-0.338435,-2.741240,1.316573,-3.160880,0.000000,0.053624,31
-0.338435,-2.741240,1.316573,-3.160880,0.000000,0.053624,31
-0.338435,-2.741240,1.316573,-3.160880,0.000000,0.053624,31
-0.338435,-2.741240,1.316573,-3.160880,0.000000,0.053624,31
-0.338435,-2.741240,1.316573,-3.160880,0.000000,0.053624,31
-0.338435,-2.741240,1.412194,-3.160790,0.000000,0.636462,31
-0.338435,-2.741240,1.412194,-3.160790,0.000000,0.636462,31
-0.338435,-2.741240,1.412194,-3.160790,0.000000,0.636462,31
-0.338435,-2.741240,1.430607,-3.160586,0.000000,0.658911,31
-0.338435,-2.741240,1.430607,-3.160586,0.000000,0.658911,31
-0.338435,-2.741240,1.430607,-3.160586,0.000000,0.658911,31
-0.338435,-2.741240,1.430607,-3.160586,0.000000,0.658911,31
-0.338435,-2.741240,1.430607,-3.160586,0.000000,0.658911,31
-0.338435,-2.741240,1.430607,-3.160586,0.000000,0.658911,31
-0.338435,-2.741240,1.430607,-3.160586,0.000000,0.658911,31
-0.338435,-2.741240,1.430607,-3.160586,0.000000,0.658911,31
-0.338435,-2.741240,1.430607,-3.160586,0.000000,0.658911,31
-0.338435,-2.741240,1.430607,-3.160586,0.000000,0.658911,31
-0.338435,-2.741240,1.430607,-3.160586,0.000000,0.658911,31
-0.338435,-2.741240,1.505435,-3.159725,0.000000,0.658911,31
-0.338435,-2.741240,1.505435,-3.159725,0.000000,0.658911,31
-0.338435,-2.741240,1.505435,-3.159725,0.000000,0.658911,31
-0.338435,-2.741240,1.523776,-3.159514,0.000000,0.569087,31
-0.338435,-2.741240,1.523776,-3.159514,0.000000,0.569087,31
-0.338435,-2.741240,1.542189,-3.159331,0.000000,0.569087,31
-0.338435,-2.741240,1.542189,-3.159331,0.000000,0.591534,31
-0.338435,-2.741240,1.542189,-3.159331,0.000000,0.591534,31
-0.338435,-2.741240,1.560288,-3.159144,0.000000,0.591534,31
-0.338435,-2.741240,1.560288,-3.159144,0.000000,0.524192,31
-0.338435,-2.741240,1.560288,-3.159144,0.000000,0.524192,31
-0.338435,-2.741240,1.578566,-3.158977,0.000000,0.524192,31
-0.338435,-2.741240,1.578566,-3.158977,0.000000,0.387589,31
-0.338435,-2.741240,1.578566,-3.158977,0.000000,0.387589,31
-0.338435,-2.741240,1.578566,-3.158977,0.000000,0.387589,31
-0.338435,-2.741240,1.578566,-3.158977,0.000000,0.387589,31
-0.338435,-2.741240,1.578566,-3.158977,0.000000,0.387589,31
-0.338435,-2.741240,1.578566,-3.158977,0.000000,0.387589,31
-0.338435,-2.741240,1.578566,-3.158977,0.000000,0.387589,31
-0.338435,-2.741240,1.578566,-3.158977,0.000000,0.387589,31
-0.338435,-2.741240,1.578566,-3.158977,0.000000,0.387589,31
-0.338435,-2.741240,1.578566,-3.158977,0.000000,0.387589,31
-0.338435,-2.741240,1.652262,-3.158478,0.000000,-0.163178,31
-0.338435,-2.741240,1.652262,-3.158478,0.000000,-0.163178,31
-0.338435,-2.741240,1.670594,-3.158531,0.000000,-0.163178,31
-0.338435,-2.741240,1.670594,-3.158531,0.000000,-0.118291,31
-0.338435,-2.741240,1.670594,-3.158531,0.000000,-0.118291,31
-0.338435,-2.741240,1.688422,-3.158568,0.000000,-0.118291,31
-0.338435,-2.741240,1.688422,-3.158568,0.000000,-0.095791,31
-0.338435,-2.741240,1.688422,-3.158568,0.000000,-0.095791,31
-0.338435,-2.741240,1.688422,-3.158568,0.000000,-0.095791,31
-0.338435,-2.741240,1.688422,-3.158568,0.000000,-0.095791,31
-0.338435,-2.741240,1.688422,-3.158568,0.000000,-0.095791,31
-0.338435,-2.741240,1.688422,-3.158568,0.000000,-0.095791,31
-0.338435,-2.741240,1.688422,-3.158568,0.000000,-0.095791,31
-0.338435,-2.741240,1.688422,-3.158568,0.000000,-0.095791,31
-0.338435,-2.741240,1.688422,-3.158568,0.000000,-0.095791,31
-0.338435,-2.741240,1.688422,-3.158568,0.000000,-0.095791,31
-0.338435,-2.741240,1.764038,-3.158694,0.000000,0.450318,31
-0.338435,-2.741240,1.764038,-3.158694,0.000000,0.450318,31
-0.338435,-2.741240,1.782297,-3.158551,0.000000,0.338064,31
-0.338435,-2.741240,1.782297,-3.158551,0.000000,0.338064,31
-0.338435,-2.741240,1.782297,-3.158551,0.000000,0.338064,31
-0.338435,-2.741240,1.800714,-3.158442,0.000000,0.270710,31
-0.338435,-2.741240,1.800714,-3.158442,0.000000,0.270710,31
-0.338435,-2.741240,1.800714,-3.158442,0.000000,0.270710,31
-0.338435,-2.741240,1.819673,-3.158352,0.000000,0.360484,31
-0.338435,-2.741240,1.819673,-3.158352,0.000000,0.360484,31
-0.338435,-2.741240,1.819673,-3.158352,0.000000,0.360484,31
-0.338435,-2.741240,1.819673,-3.158352,0.000000,0.360484,31
-0.338435,-2.741240,1.819673,-3.158352,0.000000,0.360484,31
-0.338435,-2.741240,1.819673,-3.158352,0.000000,0.360484,31
-0.338435,-2.741240,1.819673,-3.158352,0.000000,0.360484,31
-0.338435,-2.741240,1.819673,-3.158352,0.000000,0.360484,31
-0.338435,-2.741240,1.819673,-3.158352,0.000000,0.360484,31
-0.338435,-2.741240,1.819673,-3.158352,0.000000,0.360484,31
-0.338435,-2.741240,1.819673,-3.158352,0.000000,0.360484,31
-0.338435,-2.741240,1.819673,-3.158352,0.000000,0.360484,31
-0.338435,-2.741240,1.819673,-3.158352,0.000000,0.360484,31
-0.338435,-2.741240,1.819673,-3.158352,0.000000,0.360484,31
-0.338435,-2.741240,1.914054,-3.157758,0.000000,0.360484,31
-0.338435,-2.741240,1.914054,-3.157758,0.000000,-0.488266,31
-0.338435,-2.741240,1.914054,-3.157758,0.000000,-0.488266,31
-0.338435,-2.741240,1.932550,-3.157916,0.000000,-0.488266,31
-0.338435,-2.741240,1.932550,-3.157916,0.000000,-0.398451,31
-0.338435,-2.741240,1.932550,-3.157916,0.000000,-0.398451,31
-0.338435,-2.741240,1.950343,-3.158040,0.000000,-0.420906,31
-0.338435,-2.741240,1.950343,-3.158040,0.000000,-0.420906,31
-0.338435,-2.741240,1.950343,-3.158040,0.000000,-0.420906,31
-0.338435,-2.741240,1.968050,-3.158170,0.000000,-0.510690,31
-0.338435,-2.741240,1.968050,-3.158170,0.000000,-0.510690,31
-0.338435,-2.741240,1.968050,-3.158170,0.000000,-0.510690,31
-0.338435,-2.741240,1.986466,-3.158334,0.000000,-0.398432,31
-0.338435,-2.741240,1.986466,-3.158334,0.000000,-0.398432,31
-0.338435,-2.741240,1.986466,-3.158334,0.000000,-0.398432,31
-0.338435,-2.741240,1.986466,-3.158334,0.000000,-0.398432,31
-0.338435,-2.741240,1.986466,-3.158334,0.000000,-0.398432,31
-0.338435,-2.741240,1.986466,-3.158334,0.000000,-0.398432,31
-0.338435,-2.741240,1.986466,-3.158334,0.000000,-0.398432,31
-0.338435,-2.741240,1.986466,-3.158334,0.000000,-0.398432,31
-0.338435,-2.741240,1.986466,-3.158334,0.000000,-0.398432,31
-0.338435,-2.741240,1.986466,-3.158334,0.000000,-0.398432,31
-0.338435,-2.741240,2.064232,-3.158875,0.000000,-0.398432,31
-0.338435,-2.741240,2.064232,-3.158875,0.000000,0.254086,31
-0.338435,-2.741240,2.064232,-3.158875,0.000000,0.254086,31
-0.338435,-2.741240,2.064232,-3.158875,0.000000,0.254086,31
-0.338435,-2.741240,2.064232,-3.158875,0.000000,0.254086,31
-0.338435,-2.741240,2.064232,-3.158875,0.000000,0.254086,31
-0.338435,-2.741240,2.103414,-3.158701,0.000000,0.159760,31
-0.338435,-2.741240,2.103414,-3.158701,0.000000,0.159760,31
-0.338435,-2.741240,2.103414,-3.158701,0.000000,0.159760,31
-0.338435,-2.741240,2.121906,-3.158649,0.000000,0.159760,31
-0.338435,-2.741240,2.121906,-3.158649,0.000000,0.204655,31
-0.338435,-2.741240,2.121906,-3.158649,0.000000,0.204655,31
-0.338435,-2.741240,2.140244,-3.158584,0.000000,0.294460,31
-0.338435,-2.741240,2.140244,-3.158584,0.000000,0.294460,31
-0.338435,-2.741240,2.140244,-3.158584,0.000000,0.294460,31
-0.338435,-2.741240,2.140244,-3.158584,0.000000,0.294460,31
-0.338435,-2.741240,2.140244,-3.158584,0.000000,0.294460,31
-0.338435,-2.741240,2.140244,-3.158584,0.000000,0.294460,31
-0.338435,-2.741240,2.140244,-3.158584,0.000000,0.294460,31
-0.338435,-2.741240,2.140244,-3.158584,0.000000,0.294460,31
-0.338435,-2.741240,2.140244,-3.158584,0.000000,0.294460,31
-0.338435,-2.741240,2.140244,-3.158584,0.000000,0.294460,31
-0.338435,-2.741240,2.140244,-3.158584,0.000000,0.294460,31
-0.338435,-2.741240,2.140244,-3.158584,0.000000,0.294460,31
-0.338435,-2.741240,2.140244,-3.158584,0.000000,0.294460,31
-0.338435,-2.741240,2.140244,-3.158584,0.000000,0.294460,31
-0.338435,-2.741240,2.140244,-3.158584,0.000000,0.294460,31
-0.338435,-2.741240,2.140244,-3.158584,0.000000,0.294460,31
-0.338435,-2.741240,2.255520,-3.157992,0.000000,-0.432947,31
-0.338435,-2.741240,2.255520,-3.157992,0.000000,-0.432947,31
-0.338435,-2.741240,2.255520,-3.157992,0.000000,-0.432947,31
-0.338435,-2.741240,2.273473,-3.158127,0.000000,-0.410487,31
-0.338435,-2.741240,2.273473,-3.158127,0.000000,-0.410487,31
-0.338435,-2.741240,2.273473,-3.158127,0.000000,-0.410487,31
-0.338435,-2.741240,2.291963,-3.158260,0.000000,-0.545158,31
-0.338435,-2.741240,2.291963,-3.158260,0.000000,-0.545158,31
-0.338435,-2.741240,2.291963,-3.158260,0.000000,-0.545158,31
-0.338435,-2.741240,2.310066,-3.158432,0.000000,-0.567609,31
-0.338435,-2.741240,2.310066,-3.158432,0.000000,-0.567609,31
-0.338435,-2.741240,2.310066,-3.158432,0.000000,-0.567609,31
-0.338435,-2.741240,2.310066,-3.158432,0.000000,-0.567609,31
-0.338435,-2.741240,2.310066,-3.158432,0.000000,-0.567609,31
-0.338435,-2.741240,2.310066,-3.158432,0.000000,-0.567609,31
-0.338435,-2.741240,2.310066,-3.158432,0.000000,-0.567609,31
-0.338435,-2.741240,2.310066,-3.158432,0.000000,-0.567609,31
-0.338435,-2.741240,2.310066,-3.158432,0.000000,-0.567609,31
-0.338435,-2.741240,2.310066,-3.158432,0.000000,-0.567609,31
-0.338435,-2.741240,2.310066,-3.158432,0.000000,-0.567609,31
-0.338435,-2.741240,2.310066,-3.158432,0.000000,-0.567609,31
-0.338435,-2.741240,2.310066,-3.158432,0.000000,-0.567609,31
-0.338435,-2.741240,2.310066,-3.158432,0.000000,-0.567609,31
-0.338435,-2.741240,2.310066,-3.158432,0.000000,-0.567609,31
-0.338435,-2.741240,2.310066,-3.158432,0.000000,-0.567609,31
-0.338435,-2.741240,2.310066,-3.158432,0.000000,-0.567609,31
-0.338435,-2.741240,2.310066,-3.158432,0.000000,-0.567609,31
-0.338435,-2.741240,2.310066,-3.158432,0.000000,-0.567609,31
-0.338435,-2.741240,2.310066,-3.158432,0.000000,-0.567609,31
-0.338435,-2.741240,2.453939,-3.159857,0.000000,-0.567609,31
-0.338435,-2.741240,2.453939,-3.159857,0.000000,-1.112351,31
-0.338435,-2.741240,2.453939,-3.159857,0.000000,-1.112351,31
-0.338435,-2.741240,2.453939,-3.159857,0.000000,-1.112351,31
-0.338435,-2.741240,2.453939,-3.159857,0.000000,-1.112351,31
-0.338435,-2.741240,2.453939,-3.159857,0.000000,-1.112351,31
-0.338435,-2.741240,2.453939,-3.159857,0.000000,-1.112351,31
-0.338435,-2.741240,2.453939,-3.159857,0.000000,-1.112351,31
-0.338435,-2.741240,2.453939,-3.159857,0.000000,-1.112351,31
-0.338435,-2.741240,2.453939,-3.159857,0.000000,-1.112351,31
-0.338435,-2.741240,2.453939,-3.159857,0.000000,-1.112351,31
-0.338435,-2.741240,2.526460,-3.161265,0.000000,-1.664021,31
-0.338435,-2.741240,2.526460,-3.161265,0.000000,-1.664021,31
-0.338435,-2.741240,2.526460,-3.161265,0.000000,-1.664021,31
-0.338435,-2.741240,2.545050,-3.161806,0.000000,-1.393114,31
-0.338435,-2.741240,2.545050,-3.161806,0.000000,-1.393114,31
-0.338435,-2.741240,2.545050,-3.161806,0.000000,-1.393114,31
-0.338435,-2.741240,2.545050,-3.161806,0.000000,-1.393114,31
-0.338435,-2.741240,2.545050,-3.161806,0.000000,-1.393114,31
-0.338435,-2.741240,2.545050,-3.161806,0.000000,-1.393114,31
-0.338435,-2.741240,2.545050,-3.161806,0.000000,-1.393114,31
-0.338435,-2.741240,2.545050,-3.161806,0.000000,-1.393114,31
-0.338435,-2.741240,2.604038,-3.163240,0.000000,-1.393114,31
-0.338435,-2.741240,2.604038,-3.163240,0.000000,-0.601871,31
-0.338435,-2.741240,2.604038,-3.163240,0.000000,-0.601871,31
-0.338435,-2.741240,2.604038,-3.163240,0.000000,-0.601871,31
-0.338435,-2.741240,2.604038,-3.163240,0.000000,-0.601871,31
-0.338435,-2.741240,2.604038,-3.163240,0.000000,-0.601871,31
-0.338435,-2.741240,2.604038,-3.163240,0.000000,-0.601871,31
-0.338435,-2.741240,2.604038,-3.163240,0.000000,-0.601871,31
-0.338435,-2.741240,2.604038,-3.163240,0.000000,-0.601871,31
-0.338435,-2.741240,2.604038,-3.163240,0.000000,-0.601871,31
-0.338435,-2.741240,2.604038,-3.163240,0.000000,-0.601871,31
-0.338435,-2.741240,2.604038,-3.163240,0.000000,-0.601871,31
-0.338435,-2.741240,2.604038,-3.163240,0.000000,-0.601871,31
-0.338435,-2.741240,2.604038,-3.163240,0.000000,-0.601871,31
-0.338435,-2.741240,2.604038,-3.163240,0.000000,-0.601871,31
-0.338435,-2.741240,2.604038,-3.163240,0.000000,-0.601871,31
-0.338435,-2.741240,2.604038,-3.163240,0.000000,-0.601871,31
-0.338435,-2.741240,2.604038,-3.163240,0.000000,-0.601871,31
-0.338435,-2.741240,2.604038,-3.163240,0.000000,-0.601871,31
-0.338435,-2.741240,2.604038,-3.163240,0.000000,-0.601871,31
-0.338435,-2.741240,2.743216,-3.164702,0.000000,-0.601871,31
-0.338435,-2.741240,2.743216,-3.164702,0.000000,0.239342,31
-0.338435,-2.741240,2.743216,-3.164702,0.000000,0.239342,31
-0.338435,-2.741240,2.761466,-3.164626,0.000000,0.126170,31
-0.338435,-2.741240,2.761466,-3.164626,0.000000,0.126170,31
-0.338435,-2.741240,2.779805,-3.164586,0.000000,0.126170,31
-0.338435,-2.741240,2.779805,-3.164586,0.000000,0.081267,31
-0.338435,-2.741240,2.779805,-3.164586,0.000000,0.081267,31
-0.338435,-2.741240,2.798219,-3.164559,0.000000,0.081267,31
-0.338435,-2.741240,2.798219,-3.164559,0.000000,0.238396,31
-0.338435,-2.741240,2.798219,-3.164559,0.000000,0.238396,31
-0.338435,-2.741240,2.816517,-3.164483,0.000000,0.147229,31
-0.338435,-2.741240,2.816517,-3.164483,0.000000,0.147229,31
-0.338435,-2.741240,2.816517,-3.164483,0.000000,0.147229,31
-0.338435,-2.741240,2.834393,-3.164437,0.000000,0.147229,31
-0.338435,-2.741240,2.834393,-3.164437,0.000000,0.012463,31
-0.338435,-2.741240,2.834393,-3.164437,0.000000,0.012463,31
-0.338435,-2.741240,2.834393,-3.164437,0.000000,0.012463,31
-0.338435,-2.741240,2.834393,-3.164437,0.000000,0.012463,31
-0.338435,-2.741240,2.834393,-3.164437,0.000000,0.012463,31
-0.338435,-2.741240,2.834393,-3.164437,0.000000,0.012463,31
-0.338435,-2.741240,2.874178,-3.164429,0.000000,-0.287476,31
-0.338435,-2.741240,2.874178,-3.164429,0.000000,-0.287476,31
-0.338435,-2.741240,2.874178,-3.164429,0.000000,-0.287476,31
-0.338435,-2.741240,2.874178,-3.164429,0.000000,-0.287476,31
-0.338435,-2.741240,2.874178,-3.164429,0.000000,-0.287476,31
-0.338435,-2.741240,2.910757,-3.164612,0.000000,-0.424757,31
-0.338435,-2.741240,2.910757,-3.164612,0.000000,-0.424757,31
-0.338435,-2.741240,2.910757,-3.164612,0.000000,-0.424757,31
-0.338435,-2.741240,2.928705,-3.164745,0.000000,-0.424757,31
-0.338435,-2.741240,2.928705,-3.164745,0.000000,-0.492116,31
-0.338435,-2.741240,2.928705,-3.164745,0.000000,-0.492116,31
-0.338435,-2.741240,2.928705,-3.164745,0.000000,-0.492116,31
-0.338435,-2.741240,2.946746,-3.164900,0.000000,-0.357283,31
-0.338435,-2.741240,2.946746,-3.164900,0.000000,-0.357283,31
-0.338435,-2.741240,2.964537,-3.165011,0.000000,-0.357283,31
-0.338435,-2.741240,2.964537,-3.165011,0.000000,-0.424643,31
-0.338435,-2.741240,2.964537,-3.165011,0.000000,-0.424643,31
-0.338435,-2.741240,2.983517,-3.165152,0.000000,-0.424643,31
-0.338435,-2.741240,2.983517,-3.165152,0.000000,-0.305921,31
-0.338435,-2.741240,2.983517,-3.165152,0.000000,-0.305921,31
-0.338435,-2.741240,2.983517,-3.165152,0.000000,-0.305921,31
-0.338435,-2.741240,2.983517,-3.165152,0.000000,-0.305921,31
-0.338435,-2.741240,2.983517,-3.165152,0.000000,-0.305921,31
-0.338435,-2.741240,3.021917,-3.165357,0.000000,-0.354383,31
-0.338435,-2.741240,3.021917,-3.165357,0.000000,-0.354383,31
-0.338435,-2.741240,3.021917,-3.165357,0.000000,-0.354383,31
-0.338435,-2.741240,3.021917,-3.165357,0.000000,-0.354383,31
-0.338435,-2.741240,3.021917,-3.165357,0.000000,-0.354383,31
-0.338435,-2.741240,3.021917,-3.165357,0.000000,-0.354383,31
-0.338435,-2.741240,3.061045,-3.165599,0.000000,0.112677,31
-0.338435,-2.741240,3.061045,-3.165599,0.000000,0.112677,31
-0.338435,-2.741240,3.061045,-3.165599,0.000000,0.112677,31
-0.338435,-2.741240,3.079308,-3.165563,0.000000,0.000404,31
-0.338435,-2.741240,3.079308,-3.165563,0.000000,0.000404,31
-0.338435,-2.741240,3.097269,-3.165563,0.000000,0.000404,31
-0.338435,-2.741240,3.097269,-3.165563,0.000000,-0.022066,31
-0.338435,-2.741240,3.097269,-3.165563,0.000000,-0.022066,31
-0.338435,-2.741240,3.115920,-3.165570,0.000000,0.202440,31
-0.338435,-2.741240,3.115920,-3.165570,0.000000,0.202440,31
-0.338435,-2.741240,3.115920,-3.165570,0.000000,0.202440,31
-0.338435,-2.741240,3.133821,-3.165507,0.000000,0.089488,31
-0.338435,-2.741240,3.133821,-3.165507,0.000000,0.089488,31
-0.338435,-2.741240,3.133821,-3.165507,0.000000,0.089488,31
-0.338435,-2.741240,3.133821,-3.165507,0.000000,0.089488,31
-0.338435,-2.741240,3.133821,-3.165507,0.000000,0.089488,31
-0.338435,-2.741240,3.133821,-3.165507,0.000000,0.089488,31
-0.338435,-2.741240,3.133821,-3.165507,0.000000,0.089488,31
-0.338435,-2.741240,3.178441,-3.165437,0.000000,-0.412894,31
-0.338435,-2.741240,3.178441,-3.165437,0.000000,-0.412894,31
-0.338435,-2.741240,3.178441,-3.165437,0.000000,-0.412894,31
-0.338435,-2.741240,3.196704,-3.165569,0.000000,-0.412894,31
-0.338435,-2.741240,3.196704,-3.165569,0.000000,-0.300617,31
-0.338435,-2.741240,3.196704,-3.165569,0.000000,-0.300617,31
-0.338435,-2.741240,3.214727,-3.165663,0.000000,-0.300617,31
-0.338435,-2.741240,3.214727,-3.165663,0.000000,-0.300617,31
-0.338435,-2.741240,3.214727,-3.165663,0.000000,-0.300617,31
-0.338435,-2.741240,3.214727,-3.165663,0.000000,-0.300617,31
-0.338435,-2.741240,3.214727,-3.165663,0.000000,-0.300617,31
-0.338435,-2.741240,3.214727,-3.165663,0.000000,-0.300617,31
-0.338435,-2.741240,3.214727,-3.165663,0.000000,-0.300617,31
-0.338435,-2.741240,3.214727,-3.165663,0.000000,-0.300617,31
-0.338435,-2.741240,3.214727,-3.165663,0.000000,-0.300617,31
-0.338435,-2.741240,3.214727,-3.165663,0.000000,-0.300617,31
-0.338435,-2.741240,3.214727,-3.165663,0.000000,-0.300617,31
-0.338435,-2.741240,3.252713,-3.165863,0.000000,-0.300617,31
-0.338435,-2.741240,3.252713,-3.165863,0.000000,-0.300617,31
-0.338435,-2.741240,3.252713,-3.165863,0.000000,-0.300617,31
-0.338435,-2.741240,3.252713,-3.165863,0.000000,-0.114595,31
-0.338435,-2.741240,3.252713,-3.165863,0.000000,-0.114595,31
-0.338435,-2.741240,3.252713,-3.165863,0.000000,-0.114595,31
-0.338435,-2.741240,3.271101,-3.165899,0.000000,-0.024547,31
-0.338435,-2.741240,3.271101,-3.165899,0.000000,-0.024547,31
-0.338435,-2.741240,3.271101,-3.165899,0.000000,-0.024547,31
-0.338435,-2.741240,3.271101,-3.165899,0.000000,-0.024547,31
-0.338435,-2.741240,3.271101,-3.165899,0.000000,-0.024547,31
-0.338435,-2.741240,3.289514,-3.165907,0.000000,-0.024547,31
-0.338435,-2.741240,3.289514,-3.165907,0.000000,0.042792,31
-0.338435,-2.741240,3.289514,-3.165907,0.000000,0.042792,31
-0.338435,-2.741240,3.289514,-3.165907,0.000000,0.042792,31
-0.338435,-2.741240,3.289514,-3.165907,0.000000,0.042792,31
-0.338435,-2.741240,3.289514,-3.165907,0.000000,0.042792,31
-0.338435,-2.741240,3.289514,-3.165907,0.000000,0.042792,31
-0.338435,-2.741240,3.307768,-3.165894,0.000000,0.042792,31
-0.338435,-2.741240,3.307768,-3.165894,0.000000,-0.114309,31
-0.338435,-2.741240,3.307768,-3.165894,0.000000,-0.114309,31
-0.338435,-2.741240,3.307768,-3.165894,0.000000,-0.114309,31
-0.338435,-2.741240,3.307768,-3.165894,0.000000,-0.114309,31
-0.338435,-2.741240,3.307768,-3.165894,0.000000,-0.114309,31
-0.338435,-2.741240,3.307768,-3.165894,0.000000,-0.114309,31
-0.338435,-2.741240,3.307768,-3.165894,0.000000,-0.114309,31
-0.338435,-2.741240,3.307768,-3.165894,0.000000,-0.114309,31
-0.338435,-2.741240,3.307768,-3.165894,0.000000,-0.114309,31
-0.338435,-2.741240,3.307768,-3.165894,0.000000,-0.114309,31
-0.338435,-2.741240,3.345795,-3.165969,0.000000,-0.114309,31
-0.338435,-2.741240,3.345795,-3.165969,0.000000,0.162657,31
-0.338435,-2.741240,3.345795,-3.165969,0.000000,0.162657,31
-0.338435,-2.741240,3.345795,-3.165969,0.000000,0.162657,31
-0.338435,-2.741240,3.345795,-3.165969,0.000000,0.162657,31
-0.338435,-2.741240,3.364047,-3.165918,0.000000,0.162657,31
-0.338435,-2.741240,3.364047,-3.165918,0.000000,0.140215,31
-0.338435,-2.741240,3.364047,-3.165918,0.000000,0.140215,31
-0.338435,-2.741240,3.364047,-3.165918,0.000000,0.140215,31
-0.338435,-2.741240,3.364047,-3.165918,0.000000,0.140215,31
-0.338435,-2.741240,3.364047,-3.165918,0.000000,0.140215,31
-0.338435,-2.741240,3.364047,-3.165918,0.000000,0.140215,31
-0.338435,-2.741240,3.364047,-3.165918,0.000000,0.140215,31
-0.338435,-2.741240,3.364047,-3.165918,0.000000,0.140215,31
-0.338435,-2.741240,3.364047,-3.165918,0.000000,0.140215,31
-0.338435,-2.741240,3.364047,-3.165918,0.000000,0.140215,31
-0.338435,-2.741240,3.364047,-3.165918,0.000000,0.140215,31
-0.338435,-2.741240,3.364047,-3.165918,0.000000,0.140215,31
-0.338435,-2.741240,3.364047,-3.165918,0.000000,0.140215,31
-0.338435,-2.741240,3.364047,-3.165918,0.000000,0.140215,31
-0.338435,-2.741240,3.364047,-3.165918,0.000000,0.140215,31
-0.338435,-2.741240,3.364047,-3.165918,0.000000,0.140215,31
-0.338435,-2.741240,3.364047,-3.165918,0.000000,0.140215,31
-0.338435,-2.741240,3.364047,-3.165918,0.000000,0.140215,31
-0.338435,-2.741240,3.364047,-3.165918,0.000000,0.140215,31
-0.338435,-2.741240,3.364047,-3.165918,0.000000,0.140215,31
-0.338435,-2.741240,3.364047,-3.165918,0.000000,0.140215,31
-0.338435,-2.741240,3.364047,-3.165918,0.000000,0.140215,31
-0.338435,-2.741240,3.364047,-3.165918,0.000000,0.140215,31
-0.338435,-2.741240,3.364047,-3.165918,0.000000,0.140215,31
-0.338435,-2.741240,3.364047,-3.165918,0.000000,0.140215,31
-0.338435,-2.741240,3.364047,-3.165918,0.000000,0.140215,31
-0.338435,-2.741240,3.457404,-3.165689,0.000000,-0.333146,31
-0.338435,-2.741240,3.457404,-3.165689,0.000000,-0.333146,31
-0.338435,-2.741240,3.457404,-3.165689,0.000000,-0.333146,31
-0.338435,-2.741240,3.457404,-3.165689,0.000000,-0.333146,31
-0.338435,-2.741240,3.457404,-3.165689,0.000000,-0.333146,31
-0.338435,-2.741240,3.475896,-3.165797,0.000000,-0.333146,31
-0.338435,-2.741240,3.475896,-3.165797,0.000000,-0.288251,31
-0.338435,-2.741240,3.475896,-3.165797,0.000000,-0.288251,31
-0.338435,-2.741240,3.475896,-3.165797,0.000000,-0.288251,31
-0.338435,-2.741240,3.475896,-3.165797,0.000000,-0.288251,31
-0.338435,-2.741240,3.475896,-3.165797,0.000000,-0.288251,31
-0.338435,-2.741240,3.493924,-3.165887,0.000000,-0.288251,31
-0.338435,-2.741240,3.493924,-3.165887,0.000000,-0.243339,31
-0.338435,-2.741240,3.493924,-3.165887,0.000000,-0.243339,31
-0.338435,-2.741240,3.493924,-3.165887,0.000000,-0.243339,31
-0.338435,-2.741240,3.493924,-3.165887,0.000000,-0.243339,31
-0.338435,-2.741240,3.493924,-3.165887,0.000000,-0.243339,31
-0.338435,-2.741240,3.493924,-3.165887,0.000000,-0.243339,31
-0.338435,-2.741240,3.493924,-3.165887,0.000000,-0.243339,31
-0.338435,-2.741240,3.493924,-3.165887,0.000000,-0.243339,31
-0.338435,-2.741240,3.493924,-3.165887,0.000000,-0.243339,31
-0.338435,-2.741240,3.493924,-3.165887,0.000000,-0.243339,31
-0.338435,-2.741240,3.493924,-3.165887,0.000000,-0.243339,31
-0.338435,-2.741240,3.493924,-3.165887,0.000000,-0.243339,31
-0.338435,-2.741240,3.493924,-3.165887,0.000000,-0.243339,31
-0.338435,-2.741240,3.493924,-3.165887,0.000000,-0.243339,31
-0.338435,-2.741240,3.493924,-3.165887,0.000000,-0.243339,31
-0.338435,-2.741240,3.493924,-3.165887,0.000000,-0.243339,31
-0.338435,-2.741240,3.552076,-3.166134,0.000000,-0.243339,31
-0.338435,-2.741240,3.552076,-3.166134,0.000000,-0.243339,31
-0.338435,-2.741240,3.552076,-3.166134,0.000000,-0.025093,31
-0.338435,-2.741240,3.552076,-3.166134,0.000000,-0.025093,31
-0.338435,-2.741240,3.552076,-3.166134,0.000000,-0.025093,31
-0.338435,-2.741240,3.552076,-3.166134,0.000000,-0.025093,31
-0.338435,-2.741240,3.570178,-3.166142,0.000000,-0.025093,31
-0.338435,-2.741240,3.570178,-3.166142,0.000000,-0.047542,31
-0.338435,-2.741240,3.570178,-3.166142,0.000000,-0.047542,31
-0.338435,-2.741240,3.570178,-3.166142,0.000000,-0.047542,31
-0.338435,-2.741240,3.570178,-3.166142,0.000000,-0.047542,31
-0.338435,-2.741240,3.588444,-3.166157,0.000000,-0.047542,31
-0.338435,-2.741240,3.588444,-3.166157,0.000000,-0.025083,31
-0.338435,-2.741240,3.588444,-3.166157,0.000000,-0.025083,31
-0.338435,-2.741240,3.588444,-3.166157,0.000000,-0.025083,31
-0.338435,-2.741240,3.588444,-3.166157,0.000000,-0.025083,31
-0.338435,-2.741240,3.588444,-3.166157,0.000000,-0.025083,31
-0.338435,-2.741240,3.607088,-3.166166,0.000000,0.020181,31
-0.338435,-2.741240,3.607088,-3.166166,0.000000,0.020181,31
-0.338435,-2.741240,3.607088,-3.166166,0.000000,0.020181,31
-0.338435,-2.741240,3.607088,-3.166166,0.000000,0.020181,31
-0.338435,-2.741240,3.607088,-3.166166,0.000000,0.020181,31
-0.338435,-2.741240,3.607088,-3.166166,0.000000,0.020181,31
-0.338435,-2.741240,3.607088,-3.166166,0.000000,0.020181,31
-0.338435,-2.741240,3.607088,-3.166166,0.000000,0.020181,31
-0.338435,-2.741240,3.607088,-3.166166,0.000000,0.020181,31
-0.338435,-2.741240,3.607088,-3.166166,0.000000,0.020181,31
-0.338435,-2.741240,3.607088,-3.166166,0.000000,0.020181,31
-0.338435,-2.741240,3.607088,-3.166166,0.000000,0.020181,31
-0.338435,-2.741240,3.607088,-3.166166,0.000000,0.020181,31
-0.338435,-2.741240,3.607088,-3.166166,0.000000,0.020181,31
-0.338435,-2.741240,3.607088,-3.166166,0.000000,0.020181,31
-0.338435,-2.741240,3.607088,-3.166166,0.000000,0.020181,31
-0.338435,-2.741240,3.667180,-3.166144,0.000000,0.020181,31
-0.338435,-2.741240,3.667180,-3.166144,0.000000,0.020181,31
-0.338435,-2.741240,3.667180,-3.166144,0.000000,-0.125709,31
-0.338435,-2.741240,3.667180,-3.166144,0.000000,-0.125709,31
-0.338435,-2.741240,3.667180,-3.166144,0.000000,-0.125709,31
-0.338435,-2.741240,3.667180,-3.166144,0.000000,-0.125709,31
-0.338435,-2.741240,3.685214,-3.166184,0.000000,-0.215559,31
-0.338435,-2.741240,3.685214,-3.166184,0.000000,-0.215559,31
-0.338435,-2.741240,3.685214,-3.166184,0.000000,-0.215559,31
-0.338435,-2.741240,3.722005,-3.166315,0.000000,-0.148124,31
-0.338435,-2.741240,3.722005,-3.166315,0.000000,-0.148124,31
-0.338435,-2.741240,3.722005,-3.166315,0.000000,-0.148124,31
-0.338435,-2.741240,3.722005,-3.166315,0.000000,-0.148124,31
-0.338435,-2.741240,3.760566,-3.166415,0.000000,-0.195536,31
-0.338435,-2.741240,3.760566,-3.166415,0.000000,-0.195536,31
-0.338435,-2.741240,3.760566,-3.166415,0.000000,-0.195536,31
-0.338435,-2.741240,3.778873,-3.166477,0.000000,-0.128010,31
-0.338435,-2.741240,3.778873,-3.166477,0.000000,-0.128010,31
-0.338435,-2.741240,3.778873,-3.166477,0.000000,-0.128010,31
-0.338435,-2.741240,3.796814,-3.166517,0.000000,-0.105566,31
-0.338435,-2.741240,3.796814,-3.166517,0.000000,-0.105566,31
-0.338435,-2.741240,3.796814,-3.166517,0.000000,-0.105566,31
-0.338435,-2.741240,3.815116,-3.166551,0.000000,-0.128069,31
-0.338435,-2.741240,3.815116,-3.166551,0.000000,-0.128069,31
-0.338435,-2.741240,3.815116,-3.166551,0.000000,-0.128069,31
-0.338435,-2.741240,3.833813,-3.166593,0.000000,-0.128069,31
-0.338435,-2.741240,3.833813,-3.166593,0.000000,-0.151256,31
-0.338435,-2.741240,3.833813,-3.166593,0.000000,-0.151256,31
-0.338435,-2.741240,3.833813,-3.166593,0.000000,-0.151256,31
-0.338435,-2.741240,3.851897,-3.166641,0.000000,-0.196304,31
-0.338435,-2.741240,3.851897,-3.166641,0.000000,-0.196304,31
-0.338435,-2.741240,3.851897,-3.166641,0.000000,-0.196304,31
-0.338435,-2.741240,3.870389,-3.166704,0.000000,-0.196304,31
-0.338435,-2.741240,3.870389,-3.166704,0.000000,-0.196304,31
-0.338435,-2.741240,3.888497,-3.166766,0.000000,-0.196304,31
-0.338435,-2.741240,3.888497,-3.166766,0.000000,-0.173847,31
-0.338435,-2.741240,3.888497,-3.166766,0.000000,-0.173847,31
-0.338435,-2.741240,3.906686,-3.166821,0.000000,-0.173847,31
-0.338435,-2.741240,3.906686,-3.166821,0.000000,-0.173847,31
-0.338435,-2.741240,3.906686,-3.166821,0.000000,-0.173847,31
-0.338435,-2.741240,3.925443,-3.166878,0.000000,-0.151364,31
-0.338435,-2.741240,3.925443,-3.166878,0.000000,-0.151364,31
-0.338435,-2.741240,3.925443,-3.166878,0.000000,-0.151364,31
-0.338435,-2.741240,3.925443,-3.166878,0.000000,-0.151364,31
-0.338435,-2.741240,3.925443,-3.166878,0.000000,-0.151364,31
-0.338435,-2.741240,3.925443,-3.166878,0.000000,-0.151364,31
-0.338435,-2.741240,3.925443,-3.166878,0.000000,-0.151364,31
-0.338435,-2.741240,3.925443,-3.166878,0.000000,-0.151364,31
-0.338435,-2.741240,3.925443,-3.166878,0.000000,-0.151364,31
-0.338435,-2.741240,3.925443,-3.166878,0.000000,-0.151364,31
-0.338435,-2.741240,3.925443,-3.166878,0.000000,-0.151364,31
-0.338435,-2.741240,3.925443,-3.166878,0.000000,-0.151364,31
-0.338435,-2.741240,3.925443,-3.166878,0.000000,-0.151364,31
-0.338435,-2.741240,3.925443,-3.166878,0.000000,-0.151364,31
-0.338435,-2.741240,4.017513,-3.167121,0.000000,-0.499949,31
-0.338435,-2.741240,4.017513,-3.167121,0.000000,-0.499949,31
-0.338435,-2.741240,4.035536,-3.167279,0.000000,-0.499949,31
-0.338435,-2.741240,4.035536,-3.167279,0.000000,-0.499949,31
-0.338435,-2.741240,4.035536,-3.167279,0.000000,-0.589749,31
-0.338435,-2.741240,4.053715,-3.167466,0.000000,-0.589749,31
-0.338435,-2.741240,4.053715,-3.167466,0.000000,-0.365262,31
-0.338435,-2.741240,4.053715,-3.167466,0.000000,-0.365262,31
-0.338435,-2.741240,4.071965,-3.167582,0.000000,-0.365262,31
-0.338435,-2.741240,4.071965,-3.167582,0.000000,-0.365262,31
-0.338435,-2.741240,4.071965,-3.167582,0.000000,-0.365262,31
-0.338435,-2.741240,4.089958,-3.167697,0.000000,-0.365262,31
-0.338435,-2.741240,4.089958,-3.167697,0.000000,-0.410878,31
-0.338435,-2.741240,4.089958,-3.167697,0.000000,-0.410878,31
-0.338435,-2.741240,4.108294,-3.167828,0.000000,-0.410878,31
-0.338435,-2.741240,4.108294,-3.167828,0.000000,-0.321079,31
-0.338435,-2.741240,4.108294,-3.167828,0.000000,-0.321079,31
-0.338435,-2.741240,4.126409,-3.167930,0.000000,-0.298614,31
-0.338435,-2.741240,4.126409,-3.167930,0.000000,-0.298614,31
-0.338435,-2.741240,4.126409,-3.167930,0.000000,-0.298614,31
-0.338435,-2.741240,4.143958,-3.168021,0.000000,-0.298614,31
-0.338435,-2.741240,4.143958,-3.168021,0.000000,-0.298614,31
-0.338435,-2.741240,4.143958,-3.168021,0.000000,-0.298614,31
-0.338435,-2.741240,4.162370,-3.168117,0.000000,-0.276167,31
-0.338435,-2.741240,4.162370,-3.168117,0.000000,-0.276167,31
-0.338435,-2.741240,4.162370,-3.168117,0.000000,-0.276167,31
-0.338435,-2.741240,4.162370,-3.168117,0.000000,-0.276167,31
-0.338435,-2.741240,4.162370,-3.168117,0.000000,-0.276167,31
-0.338435,-2.741240,4.162370,-3.168117,0.000000,-0.276167,31
-0.338435,-2.741240,4.205279,-3.168324,0.000000,-0.171103,31
-0.338435,-2.741240,4.205279,-3.168324,0.000000,-0.171103,31
-0.338435,-2.741240,4.205279,-3.168324,0.000000,-0.171103,31
-0.338435,-2.741240,4.223691,-3.168379,0.000000,-0.058877,31
-0.338435,-2.741240,4.223691,-3.168379,0.000000,-0.058877,31
-0.338435,-2.741240,4.223691,-3.168379,0.000000,-0.058877,31
-0.338435,-2.741240,4.223691,-3.168379,0.000000,-0.058877,31
-0.338435,-2.741240,4.223691,-3.168379,0.000000,-0.058877,31
-0.338435,-2.741240,4.261589,-3.168418,0.000000,-0.058877,31
-0.338435,-2.741240,4.261589,-3.168418,0.000000,-0.058877,31
-0.338435,-2.741240,4.261589,-3.168418,0.000000,-0.058877,31
-0.338435,-2.741240,4.280465,-3.168437,0.000000,-0.058877,31
-0.338435,-2.741240,4.280465,-3.168437,0.000000,-0.036252,31
-0.338435,-2.741240,4.280465,-3.168437,0.000000,-0.036252,31
-0.338435,-2.741240,4.298748,-3.168449,0.000000,-0.036252,31
-0.338435,-2.741240,4.298748,-3.168449,0.000000,0.009295,31
-0.338435,-2.741240,4.298748,-3.168449,0.000000,0.009295,31
-0.338435,-2.741240,4.316607,-3.168446,0.000000,-0.035584,31
-0.338435,-2.741240,4.316607,-3.168446,0.000000,-0.035584,31
-0.338435,-2.741240,4.316607,-3.168446,0.000000,-0.035584,31
-0.338435,-2.741240,4.316607,-3.168446,0.000000,-0.035584,31
-0.338435,-2.741240,4.316607,-3.168446,0.000000,-0.035584,31
-0.338435,-2.741240,4.316607,-3.168446,0.000000,-0.035584,31
-0.338435,-2.741240,4.353671,-3.168469,0.000000,0.102312,31
-0.338435,-2.741240,4.353671,-3.168469,0.000000,0.102312,31
-0.338435,-2.741240,4.353671,-3.168469,0.000000,0.102312,31
-0.338435,-2.741240,4.371531,-3.168437,0.000000,0.147193,31
-0.338435,-2.741240,4.371531,-3.168437,0.000000,0.147193,31
-0.338435,-2.741240,4.371531,-3.168437,0.000000,0.147193,31
-0.338435,-2.741240,4.389421,-3.168391,0.000000,0.147193,31
-0.338435,-2.741240,4.389421,-3.168391,0.000000,0.147193,31
-0.338435,-2.741240,4.389421,-3.168391,0.000000,0.147193,31
-0.338435,-2.741240,4.407130,-3.168346,0.000000,0.057400,31
-0.338435,-2.741240,4.407130,-3.168346,0.000000,0.057400,31
-0.338435,-2.741240,4.425455,-3.168328,0.000000,0.057400,31
-0.338435,-2.741240,4.425455,-3.168328,0.000000,0.124993,31
-0.338435,-2.741240,4.425455,-3.168328,0.000000,0.124993,31
-0.338435,-2.741240,4.443946,-3.168287,0.000000,0.124993,31
-0.338435,-2.741240,4.443946,-3.168287,0.000000,0.124993,31
-0.338435,-2.741240,4.443946,-3.168287,0.000000,0.124993,31
-0.338435,-2.741240,4.462131,-3.168247,0.000000,0.080084,31
-0.338435,-2.741240,4.462131,-3.168247,0.000000,0.080084,31
-0.338435,-2.741240,4.462131,-3.168247,0.000000,0.080084,31
-0.338435,-2.741240,4.480548,-3.168222,0.000000,0.147440,31
-0.338435,-2.741240,4.480548,-3.168222,0.000000,0.147440,31
-0.338435,-2.741240,4.480548,-3.168222,0.000000,0.147440,31
-0.338435,-2.741240,4.480548,-3.168222,0.000000,0.147440,31
-0.338435,-2.741240,4.480548,-3.168222,0.000000,0.147440,31
-0.338435,-2.741240,4.520039,-3.168120,0.000000,0.147440,31
-0.338435,-2.741240,4.520039,-3.168120,0.000000,-0.097437,31
-0.338435,-2.741240,4.520039,-3.168120,0.000000,-0.097437,31
-0.338435,-2.741240,4.538383,-3.168151,0.000000,-0.097437,31
-0.338435,-2.741240,4.538383,-3.168151,0.000000,-0.052519,31
-0.338435,-2.741240,4.538383,-3.168151,0.000000,-0.052519,31
-0.338435,-2.741240,4.556898,-3.168168,0.000000,-0.052519,31
-0.338435,-2.741240,4.556898,-3.168168,0.000000,0.127276,31
-0.338435,-2.741240,4.556898,-3.168168,0.000000,0.127276,31
-0.338435,-2.741240,4.556898,-3.168168,0.000000,0.127276,31
-0.338435,-2.741240,4.556898,-3.168168,0.000000,0.127276,31
-0.338435,-2.741240,4.556898,-3.168168,0.000000,0.127276,31
-0.338435,-2.741240,4.556898,-3.168168,0.000000,0.127276,31
-0.338435,-2.741240,4.556898,-3.168168,0.000000,0.127276,31
-0.338435,-2.741240,4.556898,-3.168168,0.000000,0.127276,31
-0.338435,-2.741240,4.556898,-3.168168,0.000000,0.127276,31
-0.338435,-2.741240,4.556898,-3.168168,0.000000,0.127276,31
-0.338435,-2.741240,4.556898,-3.168168,0.000000,0.127276,31
-0.338435,-2.741240,4.556898,-3.168168,0.000000,0.127276,31
-0.338435,-2.741240,4.556898,-3.168168,0.000000,0.127276,31
-0.338435,-2.741240,4.556898,-3.168168,0.000000,0.127276,31
-0.338435,-2.741240,4.556898,-3.168168,0.000000,0.127276,31
-0.338435,-2.741240,4.556898,-3.168168,0.000000,0.127276,31
-0.338435,-2.741240,4.556898,-3.168168,0.000000,0.127276,31
-0.338435,-2.741240,4.680887,-3.167893,0.000000,0.127276,31
-0.338435,-2.741240,4.680887,-3.167893,0.000000,-0.495886,31
-0.338435,-2.741240,4.680887,-3.167893,0.000000,-0.495886,31
-0.338435,-2.741240,4.699305,-3.168052,0.000000,-0.495886,31
-0.338435,-2.741240,4.699305,-3.168052,0.000000,-0.473432,31
-0.338435,-2.741240,4.699305,-3.168052,0.000000,-0.473432,31
-0.338435,-2.741240,4.699305,-3.168052,0.000000,-0.473432,31
-0.338435,-2.741240,4.699305,-3.168052,0.000000,-0.473432,31
-0.338435,-2.741240,4.699305,-3.168052,0.000000,-0.473432,31
-0.338435,-2.741240,4.738680,-3.168378,0.000000,-0.473432,31
-0.338435,-2.741240,4.738680,-3.168378,0.000000,-0.374479,31
-0.338435,-2.741240,4.738680,-3.168378,0.000000,-0.374479,31
-0.338435,-2.741240,4.757259,-3.168499,0.000000,-0.374479,31
-0.338435,-2.741240,4.757259,-3.168499,0.000000,-0.352022,31
-0.338435,-2.741240,4.757259,-3.168499,0.000000,-0.352022,31
-0.338435,-2.741240,4.775668,-3.168612,0.000000,-0.352022,31
-0.338435,-2.741240,4.775668,-3.168612,0.000000,-0.284696,31
-0.338435,-2.741240,4.775668,-3.168612,0.000000,-0.284696,31
-0.338435,-2.741240,4.793924,-3.168703,0.000000,-0.217355,31
-0.338435,-2.741240,4.793924,-3.168703,0.000000,-0.217355,31
-0.338435,-2.741240,4.793924,-3.168703,0.000000,-0.217355,31
-0.338435,-2.741240,4.812675,-3.168774,0.000000,-0.194879,31
-0.338435,-2.741240,4.812675,-3.168774,0.000000,-0.194879,31
-0.338435,-2.741240,4.812675,-3.168774,0.000000,-0.194879,31
-0.338435,-2.741240,4.812675,-3.168774,0.000000,-0.194879,31
-0.338435,-2.741240,4.812675,-3.168774,0.000000,-0.194879,31
-0.338435,-2.741240,4.812675,-3.168774,0.000000,-0.194879,31
-0.338435,-2.741240,4.812675,-3.168774,0.000000,-0.194879,31
-0.338435,-2.741240,4.812675,-3.168774,0.000000,-0.194879,31
-0.338435,-2.741240,4.812675,-3.168774,0.000000,-0.194879,31
-0.338435,-2.741240,4.812675,-3.168774,0.000000,-0.194879,31
-0.338435,-2.741240,4.812675,-3.168774,0.000000,-0.194879,31
-0.338435,-2.741240,4.890579,-3.169039,0.000000,0.358459,31
-0.338435,-2.741240,4.890579,-3.169039,0.000000,0.358459,31
-0.338435,-2.741240,4.890579,-3.169039,0.000000,0.358459,31
